2211,1704,-651,2238,1737,-643,2253,1738,-643,2269,1739,-643,2213,1733,-567,2208,1733,-567,2204,1732,-567,2317,1720,-471,2238,1714,-132,2238,1667,-584,2211,1664,-486,2468,1516,-450,2196,1458,232,2594,1268,-526,2040,1285,-113,2682,1024,-621,2006,1480,-975,2705,959,-670,1999,1529,-1106,2673,949,-758,2017,1545,-1076,2659,966,-647,2026,1532,-989,2414,996,-242,2239,985,241,2350,638,-856,2193,602,29,2445,223,-715,2318,222,250,2452,159,-723,2363,157,246,2468,102,-1147,2167,115,-85,
2214,1695,-803,2239,1731,-801,2253,1733,-802,2269,1734,-802,2215,1725,-723,2211,1724,-723,2207,1723,-723,2320,1717,-635,2241,1707,-273,2242,1662,-735,2216,1659,-631,2471,1512,-558,2192,1454,87,2594,1260,-638,2033,1277,-293,2677,1012,-814,1996,1476,-1214,2696,946,-890,1994,1524,-1364,2665,936,-974,2014,1544,-1351,2655,955,-843,2021,1528,-1237,2417,985,-238,2239,970,237,2361,628,-846,2194,591,161,2456,226,-315,2325,220,695,2470,164,-282,2380,157,725,2474,100,-723,2195,112,383,
2241,1687,-772,2260,1722,-759,2274,1724,-759,2292,1727,-759,2233,1716,-691,2226,1713,-692,2221,1711,-691,2341,1707,-577,2246,1692,-244,2272,1655,-693,2239,1652,-603,2492,1499,-496,2192,1444,97,2599,1253,-539,2029,1264,-279,2672,1005,-738,1982,1453,-1172,2686,939,-801,1973,1509,-1319,2659,934,-888,1993,1528,-1307,2651,953,-766,2004,1511,-1195,2434,975,-215,2244,952,215,2400,627,-932,2202,580,155,2502,232,-504,2349,220,592,2515,165,-502,2408,156,612,2495,105,-859,2213,112,270,
2268,1676,-787,2290,1712,-766,2306,1714,-766,2323,1716,-766,2259,1706,-708,2252,1704,-708,2246,1703,-708,2364,1696,-553,2260,1684,-264,2304,1645,-696,2261,1640,-618,2513,1487,-481,2197,1440,90,2609,1238,-523,2025,1260,-251,2666,988,-746,1970,1451,-1117,2675,916,-822,1944,1507,-1260,2648,915,-913,1964,1527,-1253,2642,938,-779,1979,1508,-1142,2453,965,-192,2256,943,191,2453,627,-895,2215,577,151,2524,238,-393,2367,220,556,2530,177,-373,2425,157,579,2514,110,-848,2231,111,229,
2291,1677,-788,2311,1712,-757,2327,1714,-757,2344,1716,-757,2275,1706,-708,2268,1704,-708,2261,1702,-708,2378,1695,-508,2269,1681,-268,2330,1646,-688,2281,1641,-622,2527,1485,-401,2206,1441,70,2615,1227,-435,2025,1261,-241,2659,967,-730,1933,1453,-1099,2665,890,-806,1895,1508,-1229,2639,891,-886,1912,1529,-1223,2631,917,-774,1930,1510,-1122,2470,967,-145,2266,947,145,2482,642,-909,2231,578,18,2532,257,-464,2378,223,527,2532,201,-446,2430,163,520,2538,130,-925,2251,116,122,
2309,1684,-886,2329,1715,-835,2345,1716,-835,2361,1718,-836,2290,1709,-807,2280,1707,-807,2272,1704,-807,2387,1697,-508,2272,1682,-369,2345,1651,-758,2293,1645,-721,2530,1487,-349,2206,1458,-56,2615,1231,-350,2019,1280,-367,2646,975,-678,1890,1453,-1168,2649,899,-762,1854,1509,-1300,2630,899,-864,1869,1536,-1331,2618,922,-727,1884,1516,-1208,2474,995,-68,2271,962,68,2499,673,-997,2258,579,-157,2528,296,-505,2385,228,280,2522,241,-486,2433,170,292,2574,171,-955,2258,117,-159,
2318,1710,-845,2341,1738,-797,2357,1738,-798,2372,1738,-798,2300,1736,-766,2288,1734,-767,2278,1732,-767,2398,1719,-450,2276,1708,-331,2354,1672,-723,2301,1666,-681,2533,1498,-252,2205,1486,-60,2610,1247,-232,2019,1325,-354,2628,1003,-562,1867,1453,-1130,2628,922,-627,1827,1500,-1267,2613,924,-733,1839,1531,-1282,2603,951,-606,1854,1514,-1165,2482,1026,-28,2277,985,28,2505,736,-1184,2293,584,-222,2522,381,-657,2382,235,207,2517,338,-623,2432,170,220,2571,231,-1109,2263,121,-261,
2327,1741,-869,2350,1770,-810,2366,1770,-810,2379,1769,-810,2309,1767,-795,2296,1765,-795,2285,1763,-795,2403,1752,-428,2279,1744,-362,2361,1702,-725,2308,1697,-706,2533,1522,-158,2199,1525,-144,2597,1270,-77,2020,1383,-513,2601,1044,-415,1868,1415,-1339,2600,962,-477,1828,1435,-1475,2584,968,-578,1845,1464,-1519,2575,997,-457,1864,1455,-1380,2492,1049,25,2284,1010,-25,2517,784,-1227,2314,609,-342,2517,447,-663,2377,244,107,2503,401,-626,2428,171,121,2564,295,-1119,2274,125,-408,
2341,1753,-894,2364,1782,-828,2377,1782,-828,2389,1781,-828,2320,1781,-826,2307,1779,-826,2295,1778,-826,2412,1766,-414,2283,1761,-403,2372,1714,-734,2321,1710,-734,2530,1542,-126,2197,1552,-205,2585,1300,5,2017,1427,-562,2585,1059,-314,1886,1368,-1384,2586,979,-377,1853,1326,-1526,2569,986,-486,1876,1330,-1575,2558,1019,-360,1891,1341,-1426,2493,1056,36,2285,1022,-36,2537,801,-1210,2307,608,-358,2514,504,-393,2376,245,206,2484,480,-324,2418,177,225,2560,335,-770,2306,125,-280,
2349,1756,-916,2371,1786,-844,2383,1785,-844,2394,1784,-844,2328,1786,-856,2313,1784,-856,2301,1782,-856,2417,1764,-396,2286,1761,-448,2378,1717,-742,2326,1713,-759,2528,1547,-37,2195,1568,-271,2566,1310,229,2018,1440,-515,2582,1072,-80,1931,1301,-1281,2592,1003,-141,1909,1233,-1415,2580,1007,-265,1958,1235,-1524,2565,1033,-135,1969,1252,-1306,2490,1058,59,2285,1025,-59,2555,804,-1151,2303,610,-352,2511,525,-57,2358,252,364,2464,509,39,2365,206,415,2560,358,-370,2340,125,-183,
2350,1749,-1057,2372,1778,-987,2384,1778,-986,2396,1777,-986,2329,1777,-1000,2315,1776,-1000,2304,1774,-1001,2420,1759,-524,2289,1753,-599,2380,1710,-882,2328,1707,-902,2526,1537,-137,2193,1555,-387,2541,1290,183,2018,1404,-456,2552,1064,-106,2006,1209,-685,2559,1001,-159,1997,1133,-769,2568,996,-282,2042,1130,-823,2537,1024,-162,2058,1149,-706,2486,1050,73,2284,1019,-73,2569,792,-1088,2309,614,-308,2492,545,96,2337,252,479,2439,531,196,2331,207,533,2559,365,-194,2352,125,-16,
2357,1728,-959,2376,1757,-913,2387,1755,-913,2399,1752,-913,2335,1760,-900,2320,1760,-900,2308,1759,-900,2417,1729,-406,2289,1732,-533,2381,1690,-841,2329,1690,-810,2509,1488,0,2186,1552,-384,2507,1245,356,2022,1369,-421,2526,1061,113,2074,1131,-641,2535,995,72,2062,1051,-726,2537,989,-54,2113,1052,-757,2520,1018,53,2124,1079,-654,2482,1013,99,2283,985,-99,2579,773,-882,2306,612,-268,2473,535,147,2329,253,522,2426,519,235,2324,212,573,2543,364,-136,2340,125,62,
2357,1675,-846,2376,1705,-766,2386,1703,-766,2397,1701,-766,2336,1708,-841,2320,1708,-841,2307,1708,-841,2413,1685,-306,2287,1686,-544,2377,1637,-679,2327,1638,-792,2480,1447,61,2164,1490,-451,2485,1204,367,2035,1266,-446,2486,1042,110,2137,1039,-560,2495,994,64,2148,954,-631,2495,985,-49,2183,965,-641,2486,1012,52,2189,989,-561,2463,961,132,2279,936,-131,2569,734,-711,2305,592,-271,2446,522,284,2321,252,497,2406,511,370,2319,209,546,2504,355,43,2339,125,74,
2350,1646,-753,2370,1676,-661,2380,1675,-660,2392,1673,-661,2330,1678,-729,2316,1679,-729,2303,1678,-730,2406,1656,-187,2278,1660,-495,2373,1609,-574,2324,1610,-669,2430,1431,211,2157,1462,-442,2425,1191,488,2047,1215,-543,2453,1033,227,2172,990,-742,2459,978,190,2181,911,-833,2470,984,81,2221,922,-836,2461,1008,173,2227,942,-743,2428,933,199,2259,907,-198,2560,689,-646,2304,565,-292,2409,497,199,2303,249,473,2360,485,271,2303,206,531,2448,337,-31,2331,125,30,
2347,1641,-785,2369,1668,-697,2380,1665,-697,2390,1661,-697,2329,1672,-747,2313,1672,-747,2298,1673,-747,2393,1639,-218,2264,1646,-474,2367,1600,-609,2315,1600,-677,2401,1417,198,2154,1451,-451,2387,1178,462,2061,1193,-567,2437,1034,176,2197,967,-805,2447,976,134,2217,894,-906,2457,983,26,2256,906,-911,2448,1006,122,2256,927,-807,2400,924,204,2236,903,-203,2554,655,-574,2301,555,-306,2382,484,364,2289,243,450,2330,470,446,2284,205,500,2404,329,174,2326,123,64,
2344,1642,-789,2367,1668,-696,2377,1665,-696,2385,1662,-696,2326,1674,-753,2311,1675,-753,2297,1675,-753,2378,1640,-211,2255,1651,-483,2364,1603,-607,2315,1605,-681,2380,1415,229,2148,1450,-501,2357,1176,491,2061,1191,-622,2408,1034,192,2205,981,-826,2419,972,149,2231,910,-928,2432,981,44,2267,928,-946,2423,1004,139,2264,950,-840,2376,922,233,2220,906,-233,2539,637,-418,2300,557,-295,2363,457,427,2284,241,408,2305,458,500,2278,203,459,2375,309,233,2323,123,44,
2342,1649,-792,2365,1674,-713,2374,1672,-713,2381,1670,-713,2325,1679,-770,2310,1680,-770,2295,1680,-770,2371,1649,-209,2251,1657,-503,2361,1609,-622,2315,1611,-700,2365,1422,266,2147,1456,-530,2348,1178,533,2058,1212,-724,2399,1033,207,2199,1005,-1044,2403,965,158,2230,930,-1173,2415,980,44,2264,956,-1164,2408,1003,148,2260,981,-1039,2360,928,253,2210,916,-253,2500,626,-260,2299,560,-286,2332,400,561,2281,241,360,2266,386,629,2266,203,403,2346,273,352,2320,123,-20,
2348,1653,-775,2364,1678,-678,2372,1676,-678,2380,1675,-678,2327,1683,-754,2313,1684,-754,2297,1684,-754,2364,1655,-160,2252,1662,-500,2360,1613,-582,2321,1616,-683,2348,1430,317,2146,1469,-541,2317,1184,552,2049,1227,-698,2372,1034,191,2194,1025,-1026,2377,965,134,2227,955,-1147,2383,979,25,2260,981,-1115,2378,1005,131,2255,1004,-972,2345,937,270,2201,922,-270,2460,621,-205,2289,564,-299,2300,367,504,2274,240,242,2251,344,558,2258,201,272,2336,238,255,2320,123,-167,
2357,1654,-733,2363,1681,-635,2371,1680,-635,2380,1678,-635,2332,1685,-721,2319,1686,-721,2303,1687,-721,2351,1659,-135,2253,1665,-507,2362,1615,-541,2329,1617,-654,2341,1433,343,2147,1479,-556,2295,1190,554,2031,1236,-681,2359,1054,156,2185,1051,-887,2361,978,91,2220,988,-1003,2371,995,-17,2250,1009,-992,2366,1026,94,2245,1029,-865,2337,940,280,2193,939,-279,2412,621,34,2276,574,-320,2285,333,587,2265,236,94,2244,302,620,2246,185,110,2336,207,307,2330,117,-329,
2363,1655,-755,2363,1684,-666,2371,1682,-666,2379,1680,-666,2336,1687,-740,2323,1687,-740,2308,1687,-741,2345,1661,-169,2255,1666,-564,2365,1614,-573,2337,1615,-679,2334,1434,334,2154,1490,-644,2255,1199,522,2015,1261,-763,2328,1058,128,2170,1064,-882,2326,992,64,2201,1004,-997,2340,1004,-42,2232,1023,-990,2332,1028,67,2229,1042,-868,2316,943,313,2182,941,-313,2358,603,331,2267,577,-268,2272,294,804,2260,234,172,2235,252,827,2240,182,190,2342,186,522,2332,115,-237,
2374,1643,-681,2364,1672,-592,2370,1672,-593,2377,1671,-592,2344,1672,-694,2333,1671,-694,2320,1670,-695,2333,1655,-132,2263,1651,-581,2369,1604,-503,2348,1602,-637,2316,1438,370,2165,1491,-697,2239,1203,581,2002,1272,-900,2293,1056,214,2164,1071,-1069,2300,1009,161,2189,1012,-1191,2320,1021,52,2221,1031,-1178,2309,1047,151,2219,1049,-1056,2284,942,327,2173,941,-327,2318,599,214,2269,587,-342,2256,252,536,2253,235,-62,2214,193,571,2222,180,-58,2333,153,250,2327,124,-450,
2379,1616,-600,2365,1648,-515,2369,1648,-515,2375,1649,-515,2348,1646,-617,2338,1644,-617,2327,1643,-617,2326,1631,-71,2270,1622,-564,2371,1578,-425,2352,1574,-558,2319,1422,429,2171,1469,-639,2272,1207,650,1990,1272,-887,2339,1078,273,2152,1059,-1122,2344,1029,221,2188,992,-1245,2359,1040,113,2214,1014,-1227,2348,1058,212,2208,1033,-1108,2253,911,346,2173,916,-346,2288,580,283,2282,583,-359,2242,235,527,2248,235,-53,2193,172,534,2207,178,-41,2330,141,271,2323,128,-356,
2382,1587,-392,2364,1619,-327,2368,1620,-327,2368,1621,-327,2351,1616,-441,2342,1615,-441,2332,1613,-441,2313,1597,6,2275,1587,-549,2373,1548,-258,2358,1543,-408,2313,1384,403,2175,1425,-677,2293,1201,658,1979,1242,-997,2350,1074,439,2129,1036,-1225,2378,1020,422,2148,958,-1346,2364,1031,316,2183,978,-1316,2352,1050,387,2182,1002,-1209,2234,883,354,2168,887,-355,2284,572,425,2287,573,-345,2225,241,674,2234,230,-28,2174,176,678,2184,163,-17,2326,153,492,2323,128,-299,
2382,1561,-361,2364,1593,-303,2365,1594,-303,2362,1595,-303,2351,1591,-415,2343,1590,-415,2335,1588,-416,2307,1571,-4,2278,1562,-538,2373,1522,-240,2360,1518,-389,2314,1362,352,2175,1389,-687,2295,1177,592,1986,1183,-949,2369,1053,413,2126,986,-1139,2397,990,317,2139,909,-1260,2368,1000,171,2178,927,-1248,2358,1021,311,2177,953,-1132,2223,879,339,2130,884,-339,2300,579,189,2285,574,-537,2230,239,320,2234,223,-365,2181,177,306,2189,157,-370,2323,150,82,2323,126,-711,
2379,1548,-480,2362,1578,-411,2362,1579,-411,2358,1580,-411,2350,1575,-510,2341,1574,-510,2332,1573,-510,2305,1558,-57,2276,1548,-535,2373,1509,-342,2357,1507,-472,2323,1332,294,2144,1363,-653,2325,1141,331,1997,1135,-915,2411,1039,-163,2131,972,-1202,2454,975,-255,2155,907,-1338,2427,980,-343,2189,932,-1363,2408,1000,-217,2186,952,-1211,2218,878,324,2088,886,-324,2308,586,148,2251,580,-751,2232,246,302,2223,221,-631,2184,183,293,2184,150,-642,2332,149,25,2326,125,-1031,
2375,1551,-746,2352,1579,-671,2350,1580,-672,2347,1581,-672,2344,1577,-762,2337,1576,-762,2328,1576,-762,2300,1562,-270,2270,1554,-679,2368,1514,-591,2357,1513,-708,2328,1321,106,2105,1371,-704,2325,1128,10,2005,1116,-918,2420,1044,-757,2153,997,-1258,2465,1010,-906,2195,940,-1406,2455,1027,-983,2220,972,-1448,2434,1039,-815,2216,979,-1276,2218,886,322,2059,889,-322,2302,579,98,2188,590,-565,2224,231,262,2179,227,-264,2177,165,253,2141,158,-258,2337,138,-101,2275,144,-669,
2362,1553,-876,2339,1584,-812,2337,1584,-812,2335,1585,-812,2332,1582,-892,2324,1582,-892,2315,1581,-892,2287,1565,-425,2254,1561,-784,2355,1516,-724,2345,1516,-828,2330,1327,-72,2078,1383,-729,2330,1087,-240,2004,1128,-965,2427,1101,-1042,2170,1080,-1362,2464,1105,-1201,2217,1077,-1500,2462,1143,-1245,2233,1105,-1530,2444,1145,-1087,2227,1107,-1377,2218,890,253,2044,901,-253,2296,580,-27,2141,598,-543,2223,235,232,2106,242,-130,2180,175,232,2089,182,-121,2334,139,-152,2149,141,-600,
2342,1562,-760,2319,1593,-691,2318,1593,-691,2317,1594,-691,2310,1592,-774,2302,1591,-774,2291,1591,-775,2269,1575,-305,2231,1570,-677,2336,1525,-609,2324,1524,-717,2328,1340,38,2057,1390,-632,2334,1084,-177,2002,1135,-944,2425,1172,-990,2173,1165,-1294,2457,1214,-1134,2216,1199,-1426,2455,1246,-1149,2226,1223,-1432,2439,1236,-1020,2221,1219,-1299,2213,893,224,2029,919,-224,2292,581,-100,2100,613,-609,2227,234,97,2022,279,-179,2187,168,89,2010,241,-160,2336,142,-303,2021,149,-578,
2319,1565,-805,2301,1596,-742,2301,1597,-742,2300,1598,-742,2288,1596,-816,2278,1597,-816,2266,1596,-816,2254,1584,-361,2204,1577,-695,2316,1528,-657,2301,1527,-755,2319,1341,-32,2034,1395,-619,2334,1095,-302,1987,1134,-952,2415,1238,-1113,2163,1226,-1496,2437,1298,-1256,2195,1271,-1639,2434,1324,-1254,2188,1300,-1629,2418,1312,-1135,2185,1287,-1499,2206,893,193,2018,922,-193,2281,581,-59,2048,617,-711,2233,238,277,1940,297,-276,2191,176,287,1934,261,-257,2338,143,-137,1927,158,-705,
2288,1581,-761,2272,1614,-688,2272,1614,-689,2272,1614,-689,2258,1613,-769,2248,1613,-770,2236,1612,-770,2224,1595,-322,2177,1589,-661,2285,1542,-605,2270,1537,-715,2300,1350,-17,2010,1408,-569,2335,1101,-268,1949,1143,-985,2405,1275,-952,2111,1286,-1527,2408,1331,-1072,2134,1342,-1657,2413,1362,-1059,2128,1366,-1629,2401,1347,-966,2126,1352,-1523,2196,896,155,2003,926,-155,2268,575,210,1988,615,-222,2237,239,760,1861,293,245,2194,182,792,1852,259,267,2343,141,428,1803,160,-167,
2257,1581,-642,2242,1614,-587,2241,1614,-587,2240,1615,-587,2231,1613,-658,2223,1613,-658,2213,1613,-658,2194,1596,-252,2154,1590,-569,2251,1543,-506,2241,1539,-602,2276,1357,44,1983,1408,-504,2338,1109,-202,1917,1148,-959,2393,1301,-873,2066,1327,-1460,2390,1354,-991,2076,1387,-1588,2392,1389,-967,2071,1410,-1553,2381,1368,-882,2072,1390,-1453,2186,894,158,1992,919,-158,2262,560,292,1924,582,-165,2242,238,1023,1776,285,359,2201,183,1076,1775,245,389,2348,142,745,1710,155,-43,
2219,1572,-501,2206,1604,-438,2207,1605,-438,2207,1605,-438,2194,1604,-495,2185,1604,-495,2175,1604,-496,2168,1588,-84,2118,1583,-345,2214,1534,-365,2200,1531,-443,2256,1359,164,1965,1403,-350,2338,1109,-158,1882,1161,-839,2383,1322,-826,2007,1359,-1368,2374,1376,-951,2008,1416,-1477,2371,1409,-910,2009,1439,-1414,2363,1388,-829,2015,1415,-1350,2165,876,169,1971,902,-169,2254,550,195,1863,564,-233,2242,239,750,1716,280,186,2201,183,793,1706,237,206,2354,143,477,1696,143,-218,
2181,1537,-506,2174,1570,-441,2176,1571,-441,2179,1572,-441,2156,1568,-479,2146,1568,-479,2133,1568,-479,2153,1557,-88,2087,1549,-253,2182,1505,-374,2158,1502,-424,2239,1348,145,1943,1363,-226,2337,1120,-300,1857,1160,-683,2367,1329,-946,1964,1357,-1176,2358,1385,-1070,1963,1411,-1291,2349,1416,-1015,1966,1435,-1249,2341,1396,-941,1972,1408,-1171,2135,845,111,1936,866,-111,2242,540,-177,1804,545,-149,2243,238,388,1711,261,309,2203,184,430,1709,230,336,2356,138,95,1683,135,-64,
2144,1510,-554,2140,1543,-486,2144,1544,-486,2148,1545,-486,2119,1542,-549,2108,1543,-549,2097,1543,-550,2130,1533,-99,2057,1526,-344,2147,1480,-408,2120,1478,-493,2215,1333,54,1909,1341,-297,2331,1120,-354,1842,1143,-764,2347,1330,-977,1941,1352,-1321,2339,1386,-1097,1935,1408,-1452,2324,1412,-1044,1937,1432,-1404,2314,1392,-973,1945,1403,-1319,2113,835,87,1913,850,-87,2222,534,-135,1810,536,-137,2243,238,430,1723,252,380,2210,185,468,1728,226,413,2356,139,124,1697,128,13,
2113,1495,-553,2114,1525,-488,2119,1526,-488,2125,1526,-488,2092,1526,-518,2081,1528,-518,2070,1528,-518,2114,1513,-130,2033,1513,-259,2118,1463,-421,2089,1463,-463,2199,1321,34,1895,1334,-210,2323,1123,-396,1828,1143,-663,2326,1330,-974,1926,1359,-1159,2316,1385,-1089,1921,1423,-1276,2299,1405,-1031,1921,1440,-1238,2290,1385,-966,1931,1410,-1159,2099,835,69,1902,850,-69,2216,533,-75,1821,530,-36,2250,239,453,1733,252,483,2222,186,486,1744,225,516,2365,139,146,1691,128,143,
2109,1476,-461,2112,1507,-393,2117,1507,-393,2121,1507,-393,2089,1509,-429,2077,1511,-429,2065,1512,-429,2106,1498,-47,2019,1501,-210,2111,1443,-331,2082,1443,-380,2181,1316,109,1884,1340,-200,2309,1125,-278,1823,1146,-676,2307,1328,-883,1934,1363,-1114,2299,1378,-1009,1935,1425,-1226,2279,1397,-914,1935,1442,-1182,2270,1379,-954,1943,1416,-1107,2096,832,80,1901,840,-80,2225,538,-477,1822,524,-91,2262,240,-61,1742,252,475,2236,186,-34,1752,224,515,2368,139,-412,1713,127,151,
2112,1461,-452,2116,1490,-384,2120,1490,-384,2124,1490,-384,2096,1495,-440,2084,1498,-440,2071,1502,-440,2107,1486,-25,2017,1497,-278,2111,1428,-315,2085,1431,-391,2161,1322,173,1871,1348,-279,2295,1136,-179,1827,1158,-752,2275,1338,-694,1936,1378,-1125,2265,1390,-793,1931,1435,-1262,2243,1403,-718,1930,1449,-1253,2236,1385,-689,1940,1427,-1128,2094,838,100,1903,841,-100,2231,555,-436,1838,523,-156,2281,240,-31,1746,246,362,2250,186,-5,1750,216,396,2386,137,-350,1727,122,24,
2116,1457,-415,2121,1483,-349,2125,1483,-349,2129,1483,-349,2100,1489,-414,2090,1494,-414,2077,1498,-414,2111,1482,8,2025,1498,-282,2114,1426,-277,2089,1431,-364,2155,1325,208,1880,1352,-297,2276,1149,-100,1842,1168,-846,2250,1346,-579,1942,1384,-1304,2241,1391,-663,1935,1434,-1423,2222,1403,-608,1932,1448,-1386,2216,1387,-571,1940,1428,-1300,2101,842,111,1915,843,-111,2234,582,-525,1853,526,-147,2298,244,-184,1756,243,346,2265,190,-164,1757,213,376,2388,137,-545,1732,118,-10,
2117,1460,-372,2121,1487,-310,2126,1488,-310,2130,1489,-310,2100,1493,-374,2089,1497,-374,2077,1501,-374,2111,1488,56,2033,1501,-238,2116,1432,-228,2092,1437,-315,2159,1325,267,1896,1364,-288,2259,1157,-100,1892,1246,-892,2235,1353,-650,1937,1409,-1365,2221,1396,-748,1928,1445,-1486,2205,1407,-704,1929,1452,-1457,2202,1391,-649,1937,1436,-1367,2108,846,139,1925,847,-139,2250,596,-385,1867,529,-157,2297,253,-79,1759,237,231,2259,202,-65,1758,204,251,2385,138,-423,1740,111,-133,
2121,1459,-361,2125,1488,-297,2129,1489,-297,2133,1490,-298,2105,1492,-367,2093,1496,-367,2081,1500,-367,2112,1490,62,2039,1502,-252,2119,1432,-220,2095,1437,-313,2162,1327,264,1899,1369,-300,2247,1158,-91,1883,1231,-883,2230,1358,-643,1938,1407,-1329,2211,1399,-738,1927,1443,-1449,2200,1410,-696,1925,1454,-1419,2199,1394,-644,1935,1436,-1330,2113,848,152,1928,850,-152,2258,599,-378,1873,526,-258,2292,261,-33,1768,230,110,2250,216,-14,1764,194,128,2367,138,-362,1744,105,-264,
2119,1448,-399,2125,1477,-337,2129,1477,-337,2132,1478,-338,2103,1482,-402,2091,1486,-402,2079,1490,-402,2111,1477,16,2039,1492,-278,2117,1419,-261,2092,1424,-348,2154,1328,229,1897,1363,-280,2222,1152,-22,1873,1148,-758,2227,1344,-428,1938,1388,-1132,2219,1384,-495,1921,1429,-1221,2210,1399,-457,1920,1439,-1211,2206,1384,-424,1932,1420,-1137,2115,848,139,1933,841,-139,2259,597,-546,1892,522,-181,2266,270,-260,1774,225,222,2221,230,-244,1767,192,244,2322,139,-608,1745,95,-122,
2125,1433,-442,2129,1458,-378,2132,1458,-378,2136,1459,-378,2108,1462,-452,2096,1465,-452,2084,1469,-452,2114,1455,-1,2044,1468,-339,2122,1404,-294,2097,1407,-396,2160,1311,217,1901,1347,-338,2208,1135,187,1873,1129,-891,2217,1341,9,1941,1381,-1344,2212,1373,-14,1921,1420,-1446,2203,1383,17,1919,1435,-1422,2199,1370,16,1932,1418,-1345,2122,842,146,1949,835,-146,2257,576,-512,1927,513,-209,2234,259,-59,1777,218,176,2184,223,-40,1766,188,199,2292,129,-393,1750,87,-162,
2125,1405,-437,2131,1431,-375,2135,1431,-374,2139,1432,-374,2109,1435,-445,2098,1438,-445,2085,1442,-445,2117,1426,-6,2046,1443,-338,2123,1376,-292,2097,1383,-389,2161,1285,236,1902,1322,-335,2203,1104,215,1873,1112,-873,2221,1298,-1,1942,1361,-1324,2217,1342,-33,1924,1402,-1427,2208,1355,-9,1921,1411,-1404,2204,1340,1,1934,1393,-1324,2126,819,155,1961,811,-155,2246,542,-394,1948,489,-154,2214,236,-15,1779,212,287,2167,193,2,1770,187,316,2285,111,-343,1754,82,-32,
2121,1377,-440,2130,1402,-376,2135,1401,-376,2139,1401,-376,2104,1407,-445,2092,1410,-445,2079,1414,-445,2119,1393,0,2044,1417,-312,2121,1345,-299,2091,1354,-392,2155,1254,281,1904,1291,-334,2210,1085,106,1907,1125,-867,2229,1264,-287,1941,1335,-1322,2226,1310,-353,1919,1378,-1434,2216,1323,-321,1917,1382,-1429,2211,1310,-287,1930,1363,-1331,2127,790,208,1968,786,-208,2238,513,51,1963,472,-448,2191,206,409,1781,200,-183,2149,158,427,1770,178,-171,2287,104,154,1754,73,-535,
2119,1363,-451,2129,1389,-389,2135,1389,-389,2140,1388,-389,2101,1393,-446,2087,1396,-446,2073,1399,-446,2120,1381,-7,2041,1399,-281,2120,1329,-301,2089,1336,-393,2159,1246,269,1916,1262,-309,2217,1076,110,1935,1117,-863,2227,1255,-257,1940,1318,-1353,2227,1295,-322,1913,1356,-1474,2218,1309,-303,1911,1359,-1478,2213,1296,-261,1925,1341,-1370,2133,779,202,1975,777,-202,2235,497,90,1961,464,-427,2191,199,519,1782,194,-119,2153,149,544,1771,173,-104,2287,96,263,1757,65,-477,
2116,1371,-611,2128,1398,-546,2134,1398,-546,2140,1398,-546,2098,1402,-596,2085,1404,-596,2071,1407,-596,2127,1393,-147,2040,1404,-382,2120,1341,-457,2086,1346,-527,2168,1252,154,1920,1270,-357,2233,1073,-154,1894,1092,-889,2231,1262,-755,1936,1301,-1409,2231,1302,-863,1913,1349,-1532,2222,1317,-826,1912,1357,-1515,2216,1302,-759,1925,1338,-1414,2135,785,193,1974,786,-193,2233,493,-4,1961,472,-388,2192,192,442,1782,195,-55,2156,142,467,1772,169,-39,2289,95,158,1756,67,-421,
2104,1383,-733,2121,1409,-669,2129,1408,-669,2137,1408,-669,2089,1414,-703,2076,1416,-704,2063,1420,-704,2129,1400,-269,2032,1416,-439,2111,1354,-580,2078,1358,-630,2174,1261,-4,1917,1282,-359,2268,1079,-412,1852,1102,-884,2235,1264,-1076,1924,1306,-1467,2234,1307,-1201,1904,1352,-1602,2222,1322,-1162,1907,1360,-1579,2217,1307,-1080,1919,1342,-1471,2135,792,142,1966,793,-142,2221,498,-33,1909,481,-429,2192,194,360,1780,194,-182,2157,144,379,1772,156,-179,2285,92,40,1757,69,-610,
2086,1391,-871,2104,1417,-815,2115,1417,-815,2125,1416,-816,2072,1421,-826,2060,1424,-826,2047,1427,-826,2129,1409,-421,2016,1422,-478,2096,1360,-718,2064,1364,-735,2180,1266,-161,1913,1288,-334,2298,1087,-660,1822,1108,-828,2248,1275,-1374,1906,1310,-1476,2244,1320,-1513,1890,1353,-1620,2228,1335,-1474,1898,1360,-1591,2223,1319,-1377,1911,1343,-1480,2125,795,66,1942,802,-66,2207,493,-66,1867,505,-436,2189,189,294,1772,194,-143,2155,138,300,1773,150,-135,2281,89,-94,1735,71,-559,
2062,1399,-898,2077,1431,-844,2089,1433,-844,2099,1434,-845,2047,1432,-844,2035,1433,-844,2023,1434,-844,2115,1428,-452,1999,1424,-460,2078,1370,-746,2044,1371,-748,2186,1277,-189,1907,1290,-275,2320,1099,-687,1799,1117,-759,2261,1287,-1385,1887,1312,-1481,2246,1335,-1530,1876,1363,-1641,2229,1353,-1487,1887,1371,-1608,2225,1336,-1383,1900,1352,-1486,2109,802,27,1915,823,-27,2186,493,-47,1833,520,-444,2189,189,416,1762,195,-75,2156,139,438,1770,154,-61,2283,88,46,1717,80,-482,
2040,1406,-986,2058,1441,-939,2070,1443,-939,2080,1445,-939,2023,1438,-932,2011,1438,-932,1998,1437,-932,2101,1440,-555,1981,1427,-524,2063,1378,-833,2023,1377,-826,2186,1284,-269,1899,1300,-289,2330,1107,-771,1772,1125,-780,2272,1290,-1456,1867,1312,-1543,2250,1341,-1601,1853,1373,-1707,2229,1357,-1552,1869,1380,-1674,2228,1340,-1452,1884,1357,-1550,2096,803,10,1897,831,-10,2165,489,-23,1803,525,-429,2188,187,447,1748,206,-59,2156,136,468,1763,160,-35,2281,87,65,1698,90,-442,
2022,1407,-931,2041,1442,-883,2054,1445,-883,2065,1447,-883,2002,1439,-875,1989,1438,-875,1978,1438,-875,2084,1441,-502,1963,1430,-477,2047,1378,-782,2000,1378,-773,2180,1284,-226,1879,1302,-244,2323,1107,-722,1762,1121,-703,2274,1291,-1419,1844,1311,-1499,2249,1340,-1566,1835,1371,-1666,2230,1356,-1518,1845,1380,-1639,2228,1340,-1415,1858,1357,-1508,2083,804,4,1883,830,-4,2153,480,-40,1777,525,-522,2189,182,507,1736,211,-50,2157,130,537,1755,165,-25,2282,86,139,1687,90,-443,
1996,1408,-880,2017,1442,-832,2030,1445,-832,2042,1446,-832,1979,1440,-818,1967,1439,-818,1956,1439,-818,2066,1438,-489,1941,1426,-445,2023,1378,-749,1974,1378,-730,2167,1270,-266,1862,1286,-213,2314,1102,-791,1749,1101,-677,2267,1288,-1436,1814,1290,-1480,2243,1340,-1575,1808,1351,-1645,2225,1356,-1521,1815,1367,-1619,2221,1338,-1428,1825,1341,-1491,2064,798,-11,1868,820,11,2142,478,-79,1751,520,-469,2190,182,424,1723,209,0,2158,132,449,1749,165,26,2277,85,79,1662,82,-379,
1979,1402,-828,1999,1434,-776,2013,1434,-776,2024,1435,-776,1963,1432,-810,1952,1431,-810,1941,1429,-810,2049,1421,-425,1927,1415,-354,2005,1371,-690,1958,1372,-724,2144,1246,-215,1840,1264,-174,2290,1082,-724,1743,1090,-659,2248,1271,-1379,1797,1268,-1467,2237,1332,-1518,1792,1326,-1624,2217,1346,-1475,1798,1345,-1599,2209,1323,-1377,1806,1317,-1476,2038,775,-5,1844,789,5,2127,471,-27,1734,479,-109,2192,182,505,1720,191,404,2163,133,536,1749,149,433,2274,86,151,1658,76,51,
1958,1395,-838,1975,1424,-790,1988,1424,-790,2001,1424,-790,1942,1422,-786,1931,1421,-786,1920,1420,-787,2026,1410,-454,1905,1408,-369,1981,1363,-709,1939,1362,-702,2118,1232,-245,1819,1255,-211,2261,1073,-774,1719,1082,-701,2219,1263,-1429,1786,1267,-1478,2213,1326,-1566,1783,1328,-1640,2194,1340,-1519,1789,1347,-1607,2184,1316,-1426,1795,1320,-1487,2015,760,0,1824,771,0,2111,462,45,1737,457,23,2191,180,543,1726,179,570,2163,129,571,1750,138,602,2276,82,188,1667,75,234,
1940,1396,-811,1955,1425,-767,1968,1425,-767,1981,1425,-767,1923,1424,-739,1911,1424,-739,1898,1423,-739,2005,1411,-419,1878,1410,-344,1957,1364,-692,1918,1364,-667,2087,1239,-233,1791,1258,-207,2235,1077,-749,1688,1087,-711,2169,1270,-1349,1774,1285,-1408,2166,1337,-1476,1774,1355,-1566,2144,1348,-1422,1788,1366,-1505,2135,1327,-1341,1796,1343,-1407,1992,761,2,1802,769,-2,2084,465,82,1738,457,111,2181,180,566,1730,180,680,2160,128,594,1751,140,717,2273,83,212,1670,74,365,
1921,1415,-703,1935,1444,-659,1947,1444,-659,1959,1445,-660,1903,1442,-639,1890,1442,-639,1877,1442,-639,1978,1433,-350,1857,1425,-257,1943,1380,-585,1902,1381,-559,2072,1260,-201,1774,1273,-117,2213,1116,-682,1673,1147,-620,2147,1312,-1333,1767,1342,-1254,2141,1368,-1425,1768,1403,-1404,2118,1385,-1340,1789,1414,-1339,2109,1362,-1291,1798,1389,-1251,1987,778,-6,1791,779,6,2067,468,21,1735,464,13,2159,181,517,1729,180,519,2142,130,538,1751,141,550,2229,83,182,1667,74,181,
1900,1442,-627,1917,1472,-584,1929,1472,-584,1941,1473,-584,1884,1472,-561,1872,1473,-561,1859,1473,-561,1967,1462,-300,1845,1458,-184,1920,1409,-519,1883,1409,-488,2061,1294,-182,1773,1301,-18,2196,1165,-657,1672,1197,-482,2123,1360,-1092,1754,1385,-1084,2115,1406,-1190,1764,1441,-1227,2092,1420,-1132,1781,1450,-1160,2085,1398,-1074,1787,1425,-1081,1989,816,-48,1798,817,48,2053,496,8,1738,479,21,2112,207,528,1730,181,418,2104,176,557,1753,143,439,2127,85,158,1668,74,65,
1883,1462,-626,1900,1492,-584,1913,1493,-584,1926,1494,-584,1867,1491,-559,1856,1492,-559,1844,1492,-559,1956,1488,-298,1836,1482,-175,1907,1431,-517,1869,1429,-483,2059,1329,-177,1770,1323,-3,2185,1196,-646,1672,1219,-457,2092,1395,-1069,1743,1413,-1062,2085,1442,-1169,1754,1467,-1205,2063,1452,-1111,1772,1477,-1137,2056,1431,-1054,1777,1455,-1059,1994,849,-64,1806,851,63,2023,518,6,1738,518,-47,2051,249,603,1753,209,374,2048,228,642,1792,169,396,2034,104,243,1666,91,23,
1873,1473,-597,1889,1505,-555,1902,1507,-555,1915,1509,-555,1856,1502,-526,1844,1501,-526,1833,1500,-526,1947,1503,-279,1826,1489,-137,1899,1443,-492,1859,1439,-453,2056,1350,-176,1772,1332,57,2168,1216,-654,1675,1227,-370,2073,1416,-1043,1737,1418,-978,2066,1461,-1136,1746,1472,-1119,2045,1470,-1073,1761,1482,-1056,2038,1450,-1024,1767,1461,-980,1995,857,-97,1811,867,96,1993,535,-82,1730,560,-323,2011,264,486,1800,255,140,2005,234,519,1852,219,170,1964,116,95,1684,119,-151,
1867,1473,-518,1881,1505,-484,1893,1507,-484,1906,1510,-484,1850,1500,-445,1839,1499,-445,1829,1498,-445,1940,1503,-249,1824,1487,-62,1897,1444,-428,1855,1440,-376,2051,1353,-183,1779,1334,143,2149,1224,-713,1678,1219,-268,2058,1423,-1049,1718,1413,-926,2048,1465,-1186,1727,1466,-1067,2027,1476,-1136,1745,1479,-1006,2022,1457,-1060,1751,1458,-928,1995,859,-136,1816,872,136,1963,535,-178,1734,580,-461,1962,259,336,1849,274,5,1977,223,363,1900,243,36,1905,119,-50,1761,126,-269,
1855,1469,-459,1870,1500,-439,1882,1504,-439,1894,1509,-439,1842,1491,-385,1832,1489,-385,1822,1488,-385,1931,1500,-246,1820,1479,7,1881,1439,-384,1843,1439,-312,2046,1340,-217,1784,1326,255,2125,1225,-797,1679,1205,-122,2022,1416,-1165,1709,1403,-821,2004,1458,-1265,1714,1455,-956,1989,1470,-1190,1730,1473,-898,1988,1451,-1144,1737,1445,-827,1992,854,-183,1819,863,182,1949,530,-314,1738,570,-391,1937,251,-11,1876,275,5,1965,206,-4,1927,241,32,1867,118,-408,1798,132,-239,
1849,1411,-484,1865,1443,-531,1876,1447,-531,1889,1452,-531,1837,1434,-457,1828,1431,-457,1819,1428,-457,1931,1451,-388,1822,1422,-100,1878,1387,-477,1842,1378,-397,2050,1301,-405,1787,1273,113,2100,1231,-1105,1680,1202,-335,1994,1411,-1586,1688,1344,-1189,1961,1419,-1713,1683,1382,-1344,1943,1420,-1633,1699,1397,-1315,1954,1412,-1564,1710,1381,-1210,1996,801,-173,1820,814,173,1946,497,-221,1739,568,-444,1925,250,372,1908,259,55,1954,202,426,1963,215,89,1861,117,71,1814,115,-208,
1855,1363,-649,1870,1395,-626,1883,1397,-626,1897,1399,-626,1836,1386,-580,1826,1383,-580,1816,1379,-580,1927,1390,-388,1815,1366,-180,1887,1335,-568,1845,1327,-509,2043,1251,-463,1778,1218,-71,2069,1225,-1294,1683,1196,-765,1950,1340,-1842,1666,1274,-1641,1910,1351,-1998,1670,1280,-1818,1890,1345,-1921,1693,1289,-1799,1907,1334,-1830,1698,1281,-1669,1997,750,-142,1822,757,142,1951,467,-216,1741,523,-451,1945,240,468,1907,246,94,1971,200,519,1957,201,168,1917,106,171,1824,112,-104,
1843,1336,-589,1856,1372,-556,1869,1376,-556,1884,1380,-557,1824,1362,-512,1815,1358,-512,1806,1355,-512,1918,1377,-314,1808,1343,-106,1878,1312,-497,1838,1303,-438,2039,1240,-409,1779,1203,42,2067,1216,-1196,1682,1188,-614,1914,1264,-1654,1673,1189,-1467,1869,1260,-1801,1674,1178,-1637,1843,1243,-1736,1706,1182,-1618,1855,1242,-1639,1713,1180,-1494,2001,728,-151,1833,735,151,1962,433,-240,1743,488,-475,1947,221,493,1920,218,79,1976,185,548,1972,173,125,1931,99,250,1820,103,-126,
1830,1337,-438,1845,1371,-404,1858,1375,-404,1873,1378,-405,1815,1361,-360,1806,1357,-360,1796,1353,-360,1906,1374,-138,1798,1345,64,1864,1312,-332,1828,1300,-274,2018,1252,-291,1781,1206,304,2058,1213,-1120,1668,1147,-175,1887,1108,-1530,1690,1087,-982,1852,1058,-1649,1682,1045,-1139,1827,1061,-1555,1717,1050,-1137,1832,1073,-1585,1714,1059,-1007,2016,725,-186,1855,731,186,1958,421,-266,1745,479,-427,1948,218,615,1926,204,157,1979,185,696,1984,158,206,1919,112,473,1821,93,-28,
1822,1334,-501,1836,1367,-467,1848,1369,-467,1861,1373,-467,1808,1358,-434,1799,1354,-434,1790,1351,-434,1895,1370,-187,1794,1342,-34,1855,1310,-388,1821,1297,-346,2014,1252,-208,1782,1193,214,2058,1146,-494,1646,1077,-117,1913,989,-930,1712,994,-818,1894,938,-1064,1736,963,-963,1868,955,-1097,1764,978,-970,1869,968,-949,1753,989,-837,2026,722,-165,1869,733,165,1962,392,-259,1750,472,-394,1936,248,806,1942,206,131,1962,255,910,1991,161,175,1918,154,755,1845,95,-59,
1816,1333,-517,1828,1365,-490,1840,1369,-490,1853,1373,-490,1801,1356,-456,1792,1352,-456,1783,1348,-456,1888,1369,-211,1790,1338,-65,1850,1310,-412,1815,1297,-367,2014,1246,-216,1779,1185,201,2076,1065,-363,1651,1014,-33,1922,928,-608,1757,948,-628,1900,880,-696,1807,914,-741,1874,906,-702,1823,938,-732,1876,925,-607,1813,947,-636,2044,736,-196,1884,744,195,1957,414,-460,1757,472,-382,2006,272,530,1945,195,125,2050,305,662,2003,159,165,2001,148,449,1840,81,-59,
1811,1339,-583,1822,1371,-554,1833,1375,-553,1845,1380,-553,1795,1359,-518,1787,1355,-518,1778,1350,-518,1883,1372,-313,1785,1337,-146,1845,1316,-489,1809,1303,-441,2017,1228,-271,1777,1171,119,2083,1008,-423,1653,971,-176,1937,871,-672,1792,921,-806,1914,835,-771,1842,901,-930,1896,865,-782,1854,934,-919,1898,888,-674,1843,939,-815,2056,741,-191,1893,747,191,1956,487,-827,1770,470,-266,2063,278,-123,1950,192,170,2093,285,-61,2009,158,200,2060,145,-287,1836,80,-31,
1805,1337,-671,1818,1368,-654,1830,1371,-654,1842,1375,-654,1793,1358,-612,1785,1354,-612,1776,1350,-612,1882,1365,-473,1788,1334,-275,1836,1313,-599,1803,1301,-542,2021,1198,-428,1778,1156,-32,2085,969,-543,1688,929,-221,1948,820,-738,1816,913,-880,1925,765,-828,1862,898,-1004,1905,786,-838,1872,935,-991,1908,825,-738,1862,939,-889,2069,756,-190,1908,750,189,1957,532,-798,1782,471,-237,2106,270,-344,1957,189,66,2133,272,-311,2019,151,78,2110,141,-567,1832,79,-163,
1808,1338,-815,1821,1367,-797,1832,1370,-797,1845,1373,-797,1794,1358,-753,1786,1354,-754,1778,1350,-754,1884,1362,-610,1787,1329,-403,1839,1312,-739,1805,1302,-680,2023,1191,-560,1776,1136,-123,2092,945,-640,1726,895,-338,1953,788,-841,1842,906,-888,1928,728,-940,1885,906,-1039,1908,731,-948,1891,941,-1009,1912,760,-840,1881,943,-894,2085,775,-201,1914,752,201,1990,547,-847,1785,470,-209,2135,241,-493,1963,188,87,2157,190,-473,2026,138,102,2114,127,-809,1835,79,-159,
1811,1339,-974,1823,1367,-952,1834,1370,-952,1848,1374,-952,1795,1358,-911,1787,1354,-911,1779,1349,-911,1884,1362,-734,1785,1324,-542,1844,1313,-887,1807,1302,-832,2026,1190,-674,1776,1121,-236,2100,938,-769,1761,862,-490,1956,763,-873,1859,907,-1087,1929,709,-999,1899,918,-1213,1909,714,-1012,1900,949,-1199,1914,733,-843,1891,949,-1095,2101,782,-201,1923,753,201,2025,538,-922,1787,465,-86,2165,207,-741,1963,186,226,2185,131,-743,2032,132,237,2141,127,-1137,1834,80,-31,
1814,1337,-922,1826,1365,-893,1838,1369,-893,1852,1372,-893,1798,1355,-856,1789,1350,-857,1781,1345,-857,1888,1359,-662,1787,1319,-495,1845,1310,-834,1810,1298,-786,2043,1183,-599,1783,1114,-242,2111,927,-727,1799,854,-540,1974,749,-900,1877,911,-1149,1952,694,-1000,1908,934,-1275,1926,701,-1021,1904,965,-1253,1932,718,-896,1897,961,-1154,2117,780,-176,1939,747,176,2056,526,-1028,1792,461,-252,2171,191,-998,1968,184,-104,2201,99,-1015,2047,127,-105,2129,135,-1431,1838,82,-391,
1816,1331,-985,1828,1360,-961,1842,1364,-961,1856,1368,-961,1799,1350,-915,1790,1345,-916,1781,1340,-916,1890,1356,-736,1790,1317,-525,1855,1304,-897,1813,1292,-837,2056,1183,-704,1796,1117,-213,2119,917,-859,1829,859,-533,1983,736,-1018,1894,927,-1212,1963,676,-1119,1911,953,-1344,1933,685,-1142,1907,983,-1324,1938,702,-1019,1904,979,-1220,2133,779,-190,1958,748,190,2066,520,-943,1796,459,-314,2182,179,-711,1967,182,-32,2219,92,-709,2053,122,-21,2131,125,-1103,1837,82,-300,
1838,1322,-937,1851,1354,-921,1866,1357,-921,1880,1361,-921,1818,1344,-867,1809,1340,-868,1803,1337,-868,1909,1351,-719,1810,1317,-474,1878,1297,-858,1834,1284,-788,2069,1189,-737,1829,1121,-185,2124,931,-884,1871,862,-459,1994,734,-1003,1906,943,-1151,1973,678,-1116,1913,968,-1282,1943,689,-1119,1907,996,-1264,1947,707,-1003,1910,993,-1163,2150,777,-228,1978,747,227,2061,518,-973,1804,456,-272,2192,169,-742,1975,181,16,2234,89,-740,2054,124,14,2125,104,-1135,1848,82,-232,
1869,1313,-871,1881,1346,-848,1893,1350,-848,1905,1353,-848,1849,1336,-805,1839,1332,-806,1832,1328,-806,1937,1346,-644,1841,1311,-459,1907,1288,-785,1868,1276,-730,2080,1191,-688,1880,1119,51,2125,943,-839,1897,863,-250,2008,735,-928,1909,979,-1097,1988,679,-1013,1910,1035,-1217,1959,690,-1036,1907,1055,-1189,1963,707,-925,1912,1049,-1112,2166,777,-251,2008,748,251,2060,513,-960,1816,454,-248,2201,166,-717,1976,181,61,2247,92,-713,2049,125,60,2114,89,-1104,1847,81,-189,
1898,1316,-861,1908,1349,-825,1920,1353,-825,1931,1356,-825,1876,1338,-800,1867,1334,-800,1859,1330,-799,1964,1349,-617,1865,1313,-388,1934,1291,-762,1896,1278,-712,2087,1209,-690,1915,1126,136,2127,956,-826,1920,883,-139,2027,742,-877,1911,1018,-975,2008,686,-959,1912,1067,-1098,1982,696,-992,1910,1084,-1081,1987,714,-877,1917,1071,-993,2183,779,-272,2036,753,272,2065,509,-897,1832,456,-220,2210,163,-613,1979,181,93,2260,97,-606,2045,126,97,2113,81,-976,1847,81,-144,
1916,1318,-757,1928,1353,-750,1940,1357,-750,1952,1362,-750,1896,1341,-688,1888,1337,-688,1880,1333,-688,1988,1358,-583,1888,1317,-281,1952,1292,-684,1917,1279,-601,2100,1238,-666,1946,1139,223,2142,979,-805,1944,926,-32,2056,751,-777,1918,1074,-871,2040,691,-845,1908,1110,-986,2015,701,-883,1911,1125,-989,2019,723,-777,1920,1114,-899,2194,784,-284,2056,767,284,2066,501,-721,1860,457,-115,2210,159,-430,1983,181,230,2263,98,-426,2044,130,242,2111,69,-780,1847,82,6,
1939,1337,-768,1950,1375,-751,1962,1379,-751,1972,1383,-750,1918,1362,-699,1909,1358,-699,1901,1353,-699,2007,1380,-590,1910,1339,-297,1975,1311,-688,1943,1293,-614,2125,1264,-693,1963,1161,212,2157,1003,-823,1964,949,92,2074,766,-818,1916,1113,-589,2063,710,-890,1905,1151,-680,2040,719,-930,1907,1128,-697,2044,739,-820,1920,1147,-619,2210,800,-291,2066,787,291,2070,500,-654,1888,466,-72,2207,166,-373,1986,193,285,2260,106,-368,2045,151,298,2116,69,-724,1848,89,57,
1955,1363,-669,1966,1399,-667,1979,1404,-667,1990,1409,-667,1935,1385,-604,1926,1381,-604,1918,1376,-604,2023,1405,-512,1930,1362,-217,1994,1338,-602,1962,1319,-519,2143,1290,-669,1979,1188,258,2184,1035,-784,1965,981,-48,2093,774,-751,1923,1161,-815,2087,725,-819,1911,1209,-928,2059,735,-857,1916,1221,-926,2063,753,-753,1929,1205,-835,2226,823,-302,2082,807,302,2077,501,-618,1908,480,-30,2206,170,-351,2017,215,359,2261,111,-344,2069,179,380,2115,61,-694,1892,98,160,
1972,1387,-587,1985,1422,-580,1999,1427,-580,2011,1431,-580,1951,1410,-520,1942,1406,-520,1934,1402,-520,2042,1427,-411,1942,1390,-133,2011,1361,-517,1974,1345,-437,2157,1314,-566,1988,1216,313,2206,1068,-725,1972,993,-34,2105,805,-758,1934,1201,-808,2102,733,-833,1924,1246,-932,2071,744,-871,1931,1263,-902,2072,767,-761,1945,1245,-823,2245,841,-305,2098,821,305,2092,505,-755,1912,495,-33,2204,172,-470,2092,247,455,2259,113,-458,2137,215,490,2109,66,-806,1990,113,307,
1986,1410,-573,1999,1442,-568,2013,1447,-568,2026,1451,-568,1966,1431,-509,1957,1428,-509,1950,1425,-509,2057,1449,-408,1956,1413,-137,2025,1385,-506,1991,1369,-428,2176,1331,-524,1999,1234,281,2223,1087,-655,1966,998,-69,2114,831,-725,1934,1206,-853,2111,751,-801,1927,1259,-976,2079,765,-838,1932,1280,-954,2078,787,-727,1943,1264,-867,2260,856,-304,2116,837,304,2105,512,-737,1927,504,-2,2200,173,-463,2144,292,538,2259,115,-451,2199,282,585,2105,69,-769,2076,140,441,
2000,1433,-435,2013,1466,-424,2027,1471,-425,2040,1475,-425,1979,1454,-367,1970,1451,-367,1962,1447,-367,2071,1471,-263,1969,1434,1,2040,1407,-370,2005,1390,-293,2195,1347,-416,2005,1255,394,2239,1101,-584,1972,1021,7,2136,861,-649,1942,1237,-782,2132,782,-723,1934,1303,-919,2099,793,-757,1938,1321,-872,2097,815,-650,1949,1301,-789,2274,870,-310,2125,849,310,2118,519,-683,1950,504,64,2206,174,-436,2200,312,578,2260,116,-427,2277,300,625,2105,67,-730,2180,136,509,
2010,1452,-375,2024,1487,-364,2039,1492,-364,2052,1496,-364,1990,1476,-305,1981,1473,-305,1974,1470,-305,2084,1491,-208,1983,1457,64,2052,1426,-311,2015,1411,-233,2207,1365,-380,2018,1275,462,2251,1129,-547,1976,1048,96,2153,887,-566,1953,1259,-656,2153,811,-633,1944,1325,-791,2116,819,-670,1950,1336,-736,2112,840,-567,1960,1320,-662,2283,885,-308,2139,859,308,2130,531,-605,1991,501,-17,2213,180,-295,2248,286,342,2263,123,-279,2322,260,366,2105,63,-598,2190,134,217,
2020,1472,-502,2037,1508,-492,2051,1511,-492,2065,1515,-492,2001,1499,-436,1991,1497,-436,1983,1495,-436,2094,1509,-312,1989,1486,-57,2058,1441,-427,2020,1430,-354,2227,1379,-391,2001,1303,338,2287,1137,-479,1980,1066,29,2170,937,-527,1968,1283,-823,2152,864,-582,1952,1346,-978,2116,874,-618,1953,1361,-931,2116,893,-528,1964,1343,-830,2290,908,-301,2134,886,301,2153,555,-574,2055,520,-88,2217,186,-310,2283,275,110,2259,126,-348,2350,251,115,2107,64,-724,2215,132,-118,
2032,1511,-513,2049,1544,-484,2064,1547,-484,2075,1549,-484,2012,1536,-443,2002,1535,-443,1992,1532,-443,2102,1540,-228,1993,1517,-47,2070,1477,-413,2027,1467,-360,2243,1399,-263,1988,1325,323,2329,1155,-400,1974,1099,-12,2168,1013,-542,1964,1302,-863,2130,953,-608,1957,1365,-1014,2099,975,-626,1959,1384,-963,2103,993,-538,1969,1365,-864,2293,928,-268,2126,895,268,2188,586,-610,2097,538,-155,2223,200,-463,2304,265,18,2281,119,-483,2364,228,15,2130,65,-891,2231,115,-271,
2037,1554,-331,2056,1584,-280,2070,1586,-280,2080,1588,-280,2020,1579,-249,2009,1577,-249,1999,1574,-249,2108,1580,16,1998,1558,156,2072,1525,-219,2030,1514,-179,2253,1428,-26,1982,1355,432,2365,1206,-291,1933,1149,-2,2170,1113,-552,1968,1337,-728,2124,1070,-638,1984,1395,-878,2096,1088,-635,1996,1413,-803,2101,1102,-544,1997,1395,-720,2293,944,-232,2121,905,232,2221,607,-737,2119,549,-148,2248,215,-621,2297,262,119,2288,150,-632,2364,228,142,2155,69,-1068,2213,115,-88,
2055,1594,-282,2073,1624,-212,2085,1625,-212,2098,1627,-212,2034,1617,-193,2022,1614,-193,2011,1611,-193,2126,1617,145,2006,1590,228,2090,1562,-150,2045,1553,-127,2261,1457,144,1979,1387,428,2386,1268,-286,1867,1224,-56,2172,1220,-720,1981,1355,-768,2125,1177,-846,2019,1378,-881,2100,1191,-798,2037,1395,-862,2110,1207,-705,2033,1385,-775,2295,959,-168,2118,916,168,2240,651,-897,2137,549,-64,2260,246,-724,2301,267,280,2285,198,-727,2366,223,291,2186,105,-1200,2220,126,-38,
2075,1632,-331,2092,1662,-360,2106,1663,-360,2119,1664,-360,2053,1657,-199,2040,1653,-200,2027,1649,-200,2147,1651,-43,2018,1626,124,2107,1597,-302,2062,1589,-168,2275,1479,-20,1977,1443,157,2404,1291,-508,1836,1290,-465,2175,1299,-1161,2009,1352,-1203,2125,1288,-1313,2054,1340,-1364,2104,1306,-1267,2081,1354,-1315,2116,1312,-1154,2071,1350,-1202,2300,981,-120,2119,938,120,2261,682,-838,2146,573,124,2278,271,-605,2292,275,604,2297,216,-604,2351,223,623,2213,136,-1080,2214,137,229,
2100,1663,-414,2118,1690,-363,2132,1691,-363,2145,1692,-363,2081,1685,-325,2067,1682,-325,2054,1680,-326,2169,1678,9,2041,1661,45,2130,1627,-302,2088,1620,-265,2280,1501,19,1980,1482,100,2407,1331,-535,1840,1357,-514,2181,1361,-1190,2027,1331,-1184,2136,1328,-1357,2065,1326,-1340,2110,1328,-1308,2094,1333,-1299,2123,1343,-1184,2089,1332,-1184,2302,998,-69,2118,958,70,2277,689,-821,2152,581,59,2283,285,-509,2277,296,535,2293,229,-497,2323,247,556,2250,147,-987,2230,157,151,
2119,1684,-342,2137,1711,-270,2150,1712,-270,2164,1713,-270,2101,1708,-272,2088,1707,-272,2074,1705,-272,2188,1693,85,2057,1685,56,2145,1647,-215,2101,1642,-222,2287,1521,104,1984,1501,135,2413,1358,-409,1852,1380,-337,2195,1415,-1024,2016,1308,-940,2157,1398,-1174,2039,1246,-1071,2135,1407,-1136,2068,1256,-1084,2145,1409,-1020,2066,1284,-950,2302,1006,-44,2117,971,44,2290,685,-719,2148,596,82,2287,279,-596,2265,317,490,2296,218,-610,2310,264,507,2257,159,-1063,2224,175,164,
2142,1693,-249,2157,1722,-184,2170,1724,-184,2183,1724,-184,2122,1718,-184,2109,1716,-184,2094,1714,-184,2206,1706,145,2073,1695,132,2170,1656,-129,2124,1650,-133,2306,1528,166,1993,1519,213,2413,1357,-316,1858,1384,8,2207,1447,-959,2011,1277,-426,2165,1443,-1096,2026,1186,-523,2143,1453,-1063,2054,1194,-545,2156,1453,-955,2056,1223,-443,2300,1004,-38,2116,978,38,2291,675,-559,2149,609,-83,2289,280,-543,2260,304,58,2300,217,-590,2308,257,47,2270,170,-1031,2215,164,-316,
2159,1690,-320,2174,1723,-257,2186,1724,-257,2198,1725,-257,2140,1717,-253,2128,1715,-253,2114,1712,-253,2222,1707,78,2092,1691,85,2186,1657,-197,2141,1651,-195,2319,1523,127,2003,1514,231,2414,1338,-323,1868,1365,274,2212,1446,-1003,2006,1211,35,2166,1454,-1149,2024,1135,-28,2147,1469,-1121,2049,1141,-74,2162,1467,-1003,2048,1167,14,2297,992,-25,2114,970,25,2295,659,-523,2146,604,-78,2287,271,-463,2255,298,178,2298,209,-488,2303,250,193,2333,157,-960,2224,163,-129,
2178,1686,-329,2193,1717,-299,2205,1718,-299,2217,1719,-299,2159,1712,-269,2147,1710,-269,2131,1708,-269,2237,1700,48,2107,1687,44,2202,1650,-239,2159,1647,-226,2325,1509,129,2012,1506,226,2415,1316,-325,1896,1331,264,2232,1445,-1076,2002,1157,-5,2184,1461,-1242,2000,1085,-74,2166,1476,-1214,2026,1089,-138,2181,1472,-1080,2033,1113,-34,2295,983,-10,2112,963,11,2291,645,-483,2142,596,-71,2284,268,-368,2251,296,212,2294,204,-379,2294,247,204,2315,170,-832,2221,162,-90,
2185,1674,-481,2200,1708,-410,2212,1708,-410,2224,1709,-410,2165,1703,-411,2151,1700,-411,2137,1698,-411,2248,1689,43,2116,1675,-42,2211,1639,-339,2170,1635,-348,2337,1496,88,2029,1494,154,2415,1301,-365,1915,1304,124,2251,1434,-1164,1993,1107,-251,2202,1467,-1333,1977,1043,-341,2188,1487,-1306,1995,1044,-397,2202,1477,-1168,2006,1064,-280,2294,980,-9,2111,956,9,2289,626,-684,2139,577,36,2282,256,-601,2249,295,679,2278,177,-612,2292,246,718,2337,162,-1096,2219,177,364,
2189,1660,-660,2206,1693,-589,2218,1693,-589,2230,1694,-589,2172,1688,-592,2159,1686,-592,2146,1683,-592,2255,1674,-176,2131,1662,-210,2216,1626,-511,2172,1622,-519,2338,1478,20,2045,1485,9,2421,1269,-436,1928,1304,70,2293,1406,-1254,1963,1071,-345,2247,1438,-1418,1942,1009,-434,2231,1460,-1395,1962,1012,-500,2242,1449,-1259,1973,1034,-378,2293,956,19,2109,948,-18,2285,595,-533,2139,552,60,2266,244,-255,2236,306,1133,2253,170,-244,2248,310,1221,2306,157,-703,2216,193,933,
2200,1652,-675,2219,1684,-600,2229,1685,-600,2241,1686,-600,2183,1680,-609,2169,1678,-609,2156,1675,-609,2264,1668,-170,2144,1655,-221,2227,1618,-516,2183,1614,-532,2343,1456,44,2055,1480,-10,2427,1232,-392,1930,1295,78,2325,1388,-1272,1940,1040,-200,2288,1422,-1447,1918,968,-271,2269,1444,-1432,1948,978,-354,2275,1433,-1283,1961,1003,-233,2293,942,60,2109,941,-60,2290,589,-572,2137,548,-34,2249,244,-307,2203,309,1027,2224,171,-296,2202,304,1115,2300,152,-760,2213,198,807,
2221,1652,-601,2236,1680,-531,2245,1679,-531,2256,1678,-531,2202,1679,-547,2190,1675,-547,2176,1672,-547,2270,1659,-148,2156,1651,-230,2241,1616,-453,2201,1611,-476,2336,1433,121,2060,1475,-89,2426,1195,-223,1927,1275,-69,2347,1370,-1028,1920,1012,-298,2318,1402,-1188,1900,939,-364,2301,1425,-1167,1934,945,-423,2303,1413,-1039,1950,972,-321,2295,932,119,2114,936,-119,2302,585,-356,2138,547,-183,2250,246,55,2153,306,873,2218,196,83,2144,291,949,2299,131,-263,2200,175,496,
2230,1632,-582,2247,1661,-507,2258,1659,-507,2269,1657,-507,2212,1664,-530,2200,1663,-530,2186,1662,-530,2280,1640,-75,2163,1645,-206,2247,1593,-431,2208,1595,-458,2337,1409,199,2060,1474,-69,2428,1171,-188,1921,1261,-53,2367,1361,-1021,1900,1000,-254,2339,1393,-1177,1881,933,-307,2322,1414,-1158,1914,934,-374,2324,1401,-1032,1930,956,-276,2296,922,134,2114,925,-134,2318,582,-733,2136,540,-230,2251,237,-579,2103,311,863,2222,182,-575,2095,307,959,2300,122,-964,2142,175,743,
2244,1616,-704,2261,1646,-621,2272,1643,-621,2281,1641,-621,2226,1650,-668,2212,1651,-668,2198,1651,-668,2285,1624,-139,2169,1637,-371,2256,1575,-525,2220,1578,-591,2339,1399,145,2055,1472,-210,2425,1154,-245,1897,1261,-259,2385,1359,-1137,1878,1012,-510,2369,1384,-1302,1861,943,-571,2355,1405,-1290,1897,944,-634,2353,1392,-1154,1914,968,-529,2299,917,130,2116,920,-130,2329,579,-911,2135,541,-157,2258,236,-816,2053,311,888,2225,177,-822,2046,301,972,2300,120,-1282,2073,171,697,
2249,1610,-839,2266,1640,-750,2276,1639,-750,2285,1637,-750,2230,1645,-801,2216,1646,-801,2201,1647,-801,2288,1621,-243,2171,1635,-490,2261,1571,-648,2224,1573,-719,2342,1396,117,2051,1471,-319,2424,1138,-270,1873,1260,-353,2396,1349,-1196,1847,1019,-594,2388,1378,-1364,1832,947,-654,2378,1399,-1358,1870,949,-713,2373,1388,-1218,1886,973,-611,2300,919,150,2117,921,-150,2334,578,-800,2134,548,-195,2256,232,-603,2005,310,822,2216,167,-601,1990,298,960,2302,119,-1037,1999,154,648,
2247,1606,-888,2265,1636,-803,2276,1635,-803,2286,1633,-803,2229,1639,-851,2215,1640,-851,2202,1641,-851,2289,1618,-297,2174,1629,-531,2261,1568,-695,2223,1569,-762,2345,1393,104,2049,1473,-355,2420,1142,-245,1859,1262,-382,2403,1348,-1152,1832,1033,-614,2399,1377,-1312,1813,964,-673,2388,1398,-1305,1849,964,-725,2382,1385,-1171,1864,988,-628,2302,919,165,2117,928,-165,2338,576,-682,2123,558,-255,2254,226,-346,1970,307,569,2203,155,-328,1952,294,637,2317,119,-717,1936,133,314,
2243,1602,-963,2262,1633,-880,2274,1632,-880,2284,1631,-880,2227,1636,-920,2213,1636,-920,2200,1638,-920,2290,1616,-373,2173,1628,-576,2259,1566,-769,2220,1567,-827,2348,1395,34,2048,1475,-359,2415,1146,-255,1845,1269,-379,2410,1349,-1185,1811,1043,-614,2410,1386,-1341,1787,976,-671,2398,1407,-1349,1826,977,-730,2390,1391,-1212,1839,1000,-633,2302,924,156,2117,938,-156,2340,578,-573,2090,564,-246,2252,220,-218,1923,286,389,2195,149,-203,1918,259,426,2326,118,-611,1858,126,30,
2237,1602,-946,2257,1633,-867,2269,1632,-867,2280,1631,-867,2220,1635,-903,2207,1636,-903,2194,1638,-903,2289,1617,-370,2169,1628,-551,2254,1566,-756,2214,1567,-808,2349,1399,28,2047,1477,-334,2411,1149,-271,1844,1281,-381,2421,1354,-1183,1795,1062,-624,2426,1397,-1333,1768,977,-680,2412,1418,-1336,1812,984,-739,2404,1401,-1208,1827,1007,-645,2302,928,150,2117,940,-150,2335,579,-435,2060,576,-285,2249,220,-169,1889,269,86,2191,149,-167,1888,231,94,2329,119,-582,1810,121,-343,
2233,1603,-998,2251,1634,-922,2264,1633,-922,2275,1632,-922,2216,1637,-952,2202,1638,-952,2189,1640,-952,2285,1617,-437,2166,1629,-595,2250,1566,-813,2211,1570,-859,2347,1401,-48,2044,1481,-379,2413,1155,-388,1841,1284,-426,2419,1369,-1212,1770,1076,-677,2422,1427,-1353,1741,987,-735,2408,1447,-1347,1779,988,-805,2398,1427,-1231,1800,1010,-705,2300,932,152,2113,947,-152,2332,581,-205,2022,586,-371,2245,220,132,1856,253,-51,2187,150,141,1857,214,-45,2329,119,-238,1805,112,-493,
2230,1614,-1032,2249,1647,-952,2261,1647,-952,2272,1647,-952,2214,1648,-982,2201,1648,-982,2187,1648,-982,2282,1627,-447,2165,1633,-603,2248,1577,-839,2208,1578,-884,2346,1410,-42,2044,1488,-398,2426,1179,-468,1839,1292,-510,2415,1394,-1366,1752,1096,-833,2415,1453,-1512,1724,1014,-903,2404,1474,-1482,1760,1009,-966,2395,1454,-1377,1782,1027,-861,2284,934,162,2095,952,-162,2330,582,-296,1996,604,-488,2242,220,75,1843,257,-115,2188,151,87,1847,221,-104,2331,118,-316,1804,110,-568,
2222,1646,-950,2240,1679,-874,2251,1679,-874,2263,1678,-874,2202,1678,-902,2187,1676,-902,2172,1674,-902,2281,1655,-402,2155,1655,-544,2245,1609,-771,2200,1608,-813,2345,1437,-63,2039,1498,-346,2435,1218,-560,1835,1296,-530,2405,1435,-1460,1747,1119,-970,2401,1491,-1618,1725,1045,-1057,2390,1519,-1576,1762,1038,-1111,2384,1491,-1466,1781,1056,-998,2259,935,149,2064,954,-149,2328,582,-392,1951,617,-522,2241,221,-43,1833,260,-164,2189,152,-32,1840,225,-155,2334,118,-440,1799,109,-618,
2199,1667,-950,2217,1700,-876,2230,1701,-876,2241,1701,-877,2175,1695,-896,2161,1693,-896,2147,1691,-895,2267,1679,-417,2137,1672,-519,2231,1631,-776,2179,1626,-806,2345,1455,-101,2032,1509,-311,2447,1254,-633,1835,1308,-495,2388,1456,-1517,1756,1151,-976,2361,1510,-1679,1738,1080,-1072,2345,1532,-1626,1777,1079,-1124,2343,1506,-1517,1793,1098,-1005,2239,941,126,2036,965,-127,2314,583,-473,1921,640,-633,2241,221,-51,1824,262,-290,2192,152,-41,1835,227,-285,2333,125,-569,1785,110,-775,
2182,1686,-934,2200,1719,-868,2214,1721,-869,2226,1721,-869,2158,1710,-873,2144,1707,-874,2132,1705,-874,2249,1698,-439,2126,1688,-475,2218,1651,-771,2165,1642,-782,2348,1469,-170,2025,1521,-231,2459,1284,-731,1838,1352,-437,2355,1475,-1590,1771,1198,-961,2308,1523,-1756,1754,1132,-1075,2290,1538,-1704,1790,1135,-1130,2295,1518,-1586,1808,1154,-994,2223,956,61,2016,986,-62,2292,588,-473,1900,662,-742,2241,222,-117,1822,263,-407,2196,156,-103,1836,225,-402,2332,134,-627,1786,111,-917,
2172,1711,-809,2185,1740,-742,2198,1742,-742,2210,1742,-742,2146,1731,-734,2134,1727,-735,2124,1724,-735,2232,1722,-334,2118,1703,-306,2208,1679,-657,2158,1667,-650,2348,1496,-111,2018,1530,-114,2462,1317,-653,1824,1395,-384,2329,1479,-1481,1784,1227,-915,2276,1510,-1646,1785,1168,-1038,2253,1520,-1590,1820,1178,-1077,2263,1506,-1475,1830,1196,-941,2212,963,38,2004,996,-38,2274,593,-300,1879,684,-870,2241,223,9,1819,266,-567,2196,156,12,1832,227,-563,2331,137,-465,1785,112,-1077,
2120,1715,-806,2138,1744,-747,2152,1747,-748,2168,1749,-748,2105,1735,-722,2097,1732,-722,2089,1730,-722,2206,1732,-370,2096,1711,-250,2159,1685,-663,2116,1674,-632,2342,1524,-182,2007,1538,-26,2457,1361,-794,1802,1424,-245,2277,1467,-1611,1801,1269,-853,2230,1489,-1791,1820,1206,-970,2195,1491,-1738,1857,1223,-1007,2207,1504,-1603,1861,1247,-878,2202,971,4,1992,1003,-4,2262,598,-332,1861,689,-737,2241,224,6,1811,267,-383,2197,160,10,1826,228,-373,2332,137,-488,1788,111,-879,
2094,1720,-857,2115,1751,-806,2129,1754,-806,2144,1756,-806,2084,1743,-751,2075,1740,-751,2065,1737,-751,2184,1739,-439,2073,1716,-306,2129,1689,-723,2090,1678,-648,2329,1541,-308,1985,1539,-104,2451,1395,-972,1774,1452,-599,2233,1450,-1763,1827,1303,-1409,2189,1416,-1963,1847,1248,-1596,2152,1419,-1925,1886,1270,-1599,2158,1434,-1763,1890,1289,-1432,2196,974,-8,1984,1008,7,2248,605,-530,1859,694,-943,2241,227,-89,1817,265,-566,2200,163,-78,1836,220,-554,2328,140,-679,1791,105,-1115,
2091,1733,-734,2104,1763,-675,2116,1766,-675,2130,1769,-675,2071,1755,-646,2059,1752,-646,2047,1748,-646,2161,1754,-313,2046,1722,-192,2126,1699,-598,2083,1687,-559,2310,1557,-230,1965,1542,-37,2417,1414,-827,1758,1458,-600,2199,1413,-1638,1840,1339,-1394,2150,1365,-1791,1868,1291,-1580,2112,1367,-1736,1903,1313,-1556,2114,1379,-1646,1905,1327,-1405,2193,978,-17,1979,1006,17,2233,607,-431,1854,684,-773,2241,230,72,1825,263,-337,2203,167,90,1848,219,-319,2328,140,-432,1792,106,-823,
2077,1736,-702,2090,1767,-641,2101,1768,-641,2115,1770,-641,2056,1759,-620,2043,1755,-620,2030,1751,-620,2144,1756,-274,2022,1727,-182,2109,1701,-566,2067,1693,-539,2281,1565,-207,1946,1544,-33,2387,1420,-747,1737,1474,-633,2181,1378,-1331,1842,1371,-1438,2138,1320,-1495,1876,1319,-1620,2098,1326,-1478,1910,1338,-1587,2098,1339,-1332,1911,1350,-1445,2175,985,-17,1965,1007,17,2219,610,-354,1843,677,-638,2241,235,71,1828,264,-212,2206,169,81,1855,220,-196,2332,141,-416,1786,106,-682,
2059,1735,-673,2071,1767,-608,2084,1769,-608,2097,1771,-608,2036,1758,-593,2023,1753,-594,2010,1750,-594,2125,1754,-230,2001,1725,-166,2093,1702,-535,2050,1697,-517,2254,1570,-198,1922,1542,-29,2349,1423,-631,1705,1458,-651,2172,1345,-1161,1844,1402,-1439,2140,1277,-1321,1884,1364,-1621,2097,1291,-1321,1915,1374,-1576,2095,1309,-1167,1915,1381,-1440,2156,987,-17,1945,1006,17,2203,612,-241,1832,675,-613,2240,241,208,1832,262,-208,2208,177,221,1859,216,-192,2332,143,-255,1785,106,-673,
2033,1730,-634,2048,1762,-576,2061,1765,-577,2074,1767,-576,2013,1753,-559,2001,1749,-559,1990,1745,-559,2107,1751,-210,1986,1723,-130,2070,1699,-496,2027,1694,-473,2237,1573,-128,1907,1540,27,2315,1418,-429,1690,1442,-576,2156,1293,-902,1842,1429,-1361,2133,1218,-1053,1882,1395,-1547,2093,1232,-1085,1913,1408,-1512,2091,1251,-920,1910,1416,-1365,2136,988,-25,1923,1007,26,2187,616,-207,1824,670,-495,2240,243,197,1834,261,-94,2210,183,206,1861,215,-78,2326,143,-286,1788,106,-538,
2016,1727,-533,2032,1759,-484,2044,1761,-484,2058,1763,-484,2000,1750,-461,1988,1747,-461,1977,1743,-461,2094,1747,-146,1975,1722,-39,2051,1695,-403,2010,1690,-372,2226,1571,-38,1895,1539,137,2288,1400,-253,1695,1427,-391,2158,1248,-684,1839,1437,-1274,2149,1169,-814,1881,1419,-1420,2113,1186,-866,1910,1439,-1435,2110,1210,-707,1906,1441,-1303,2125,991,-36,1912,1011,36,2176,619,-154,1817,669,-457,2237,243,284,1835,256,-64,2210,183,296,1863,208,-47,2323,143,-192,1784,106,-500,
2000,1724,-626,2018,1757,-567,2030,1758,-567,2044,1760,-567,1986,1749,-554,1974,1746,-554,1963,1742,-554,2084,1743,-167,1961,1723,-130,2034,1693,-485,1994,1688,-465,2208,1566,-42,1880,1530,88,2270,1392,-217,1688,1398,-401,2160,1203,-564,1838,1437,-1272,2162,1112,-674,1880,1430,-1450,2127,1127,-743,1910,1447,-1425,2120,1158,-589,1905,1445,-1283,2110,991,-48,1900,1012,48,2165,619,-162,1813,667,-359,2237,244,347,1831,256,128,2211,188,366,1863,209,155,2311,143,-141,1782,110,-296,
1987,1723,-682,2002,1755,-652,2015,1757,-652,2028,1758,-652,1969,1748,-613,1958,1745,-613,1947,1741,-613,2069,1741,-322,1949,1722,-141,2022,1691,-556,1981,1686,-491,2200,1563,-108,1866,1513,57,2266,1364,-162,1697,1348,-394,2173,1156,-470,1831,1439,-1291,2170,1063,-559,1880,1444,-1476,2132,1074,-646,1905,1461,-1455,2130,1101,-500,1899,1454,-1306,2091,990,-42,1882,1011,42,2162,617,-137,1809,658,-95,2238,242,373,1832,257,399,2211,187,393,1864,210,426,2312,139,-120,1785,111,-24,
1971,1722,-687,1985,1754,-653,1997,1755,-653,2011,1757,-653,1953,1746,-619,1942,1743,-619,1933,1740,-619,2054,1740,-351,1941,1721,-166,2008,1689,-556,1970,1684,-509,2193,1560,-140,1860,1503,74,2256,1314,-137,1700,1326,-331,2182,1083,-400,1821,1446,-1263,2174,1003,-471,1864,1462,-1434,2146,1012,-558,1891,1475,-1424,2135,1039,-428,1888,1467,-1276,2082,990,-45,1877,1010,44,2154,616,-92,1800,652,-164,2238,242,422,1832,256,285,2211,188,443,1864,206,308,2304,137,-62,1785,111,-146,
1960,1718,-656,1975,1750,-627,1986,1753,-627,2000,1756,-627,1944,1743,-589,1934,1740,-589,1925,1737,-589,2042,1740,-336,1931,1720,-147,1994,1687,-535,1957,1682,-483,2183,1558,-130,1854,1498,116,2251,1300,-78,1705,1314,-295,2186,1065,-308,1813,1442,-1259,2184,981,-372,1842,1466,-1421,2162,980,-460,1871,1481,-1411,2144,1010,-337,1873,1470,-1265,2073,989,-47,1872,1010,46,2150,611,-102,1795,643,-176,2237,242,427,1833,256,279,2211,189,450,1867,207,304,2298,136,-48,1786,111,-142,
1949,1709,-661,1963,1741,-652,1975,1744,-652,1988,1747,-652,1933,1735,-603,1923,1733,-603,1914,1731,-602,2030,1736,-370,1918,1714,-154,1983,1679,-556,1946,1671,-490,2176,1557,-138,1850,1491,80,2245,1283,-59,1705,1283,-340,2185,1040,-235,1799,1447,-1294,2186,956,-288,1818,1478,-1472,2166,957,-377,1847,1494,-1463,2145,985,-263,1852,1484,-1314,2076,987,-43,1871,1002,43,2150,596,-101,1797,635,-154,2237,243,446,1834,256,298,2213,190,472,1873,206,324,2299,134,-17,1787,111,-121,
1939,1708,-668,1953,1739,-651,1966,1742,-651,1979,1746,-651,1923,1733,-605,1913,1731,-604,1904,1729,-604,2022,1734,-372,1909,1711,-165,1974,1678,-557,1937,1669,-499,2172,1555,-170,1841,1484,76,2233,1271,-123,1719,1247,-329,2184,1035,-348,1788,1441,-1270,2187,946,-412,1804,1477,-1444,2166,950,-502,1829,1498,-1434,2147,980,-378,1834,1485,-1288,2081,979,-45,1873,987,45,2155,582,-75,1804,625,-78,2238,243,512,1840,255,383,2217,191,541,1887,201,409,2300,134,68,1788,111,-19,
1931,1704,-743,1945,1737,-717,1958,1741,-717,1972,1745,-717,1914,1731,-673,1904,1729,-673,1896,1726,-673,2013,1734,-425,1899,1709,-222,1967,1675,-629,1928,1665,-571,2168,1547,-224,1833,1478,45,2225,1259,-155,1764,1214,-344,2177,1021,-388,1779,1436,-1307,2180,923,-453,1794,1475,-1487,2153,930,-551,1816,1498,-1496,2137,956,-420,1819,1485,-1338,2087,968,-47,1877,970,46,2159,575,-62,1809,603,55,2239,245,572,1848,247,579,2219,191,605,1891,195,609,2301,131,122,1789,111,170,
1911,1702,-639,1928,1736,-620,1941,1739,-620,1955,1743,-620,1898,1728,-567,1889,1727,-567,1882,1725,-567,2001,1732,-412,1892,1708,-139,1947,1671,-549,1911,1663,-477,2161,1543,-218,1832,1478,124,2226,1256,-177,1790,1204,-234,2171,1014,-364,1772,1431,-1167,2167,923,-428,1778,1477,-1335,2133,937,-514,1793,1500,-1357,2124,960,-390,1800,1484,-1206,2091,964,-51,1881,968,50,2170,576,-48,1829,603,10,2242,251,557,1853,243,472,2219,198,587,1890,191,496,2305,131,121,1799,113,58,
1904,1702,-574,1919,1736,-550,1931,1740,-550,1945,1744,-550,1889,1728,-498,1879,1727,-498,1871,1725,-498,1988,1732,-319,1877,1708,-64,1938,1671,-480,1904,1663,-410,2152,1542,-203,1838,1484,213,2224,1260,-192,1816,1203,-129,2156,1024,-416,1782,1429,-1064,2144,944,-496,1787,1472,-1232,2104,964,-578,1801,1496,-1262,2100,986,-440,1809,1483,-1105,2103,965,-59,1885,969,59,2201,582,-60,1840,605,6,2245,256,488,1856,241,458,2220,207,514,1890,189,478,2309,132,53,1805,113,33,
1894,1708,-786,1912,1747,-754,1925,1751,-754,1941,1755,-754,1881,1738,-708,1871,1735,-709,1862,1733,-708,1985,1742,-472,1870,1718,-253,1930,1677,-678,1893,1670,-616,2147,1543,-320,1834,1485,27,2232,1266,-339,1831,1196,-347,2152,1050,-573,1823,1403,-1345,2129,972,-669,1809,1465,-1535,2087,974,-753,1804,1489,-1561,2087,988,-598,1813,1483,-1385,2120,978,-56,1899,970,56,2235,609,-85,1855,607,-12,2252,269,466,1861,238,474,2222,220,492,1892,186,495,2320,137,9,1805,113,35,
1890,1728,-840,1910,1764,-800,1925,1767,-800,1941,1770,-800,1879,1757,-763,1870,1754,-763,1860,1751,-763,1985,1755,-481,1867,1732,-301,1926,1691,-718,1886,1686,-666,2145,1551,-301,1823,1496,-30,2250,1290,-354,1820,1208,-416,2156,1104,-703,1851,1386,-1393,2135,1041,-819,1848,1446,-1590,2096,1066,-896,1837,1480,-1604,2096,1084,-729,1843,1469,-1425,2135,1003,-55,1916,979,55,2258,624,-89,1872,607,-31,2258,273,521,1862,234,473,2222,227,554,1894,183,494,2326,137,48,1804,108,10,
1903,1748,-874,1921,1783,-823,1936,1784,-823,1951,1786,-823,1889,1775,-803,1879,1772,-803,1869,1769,-803,1993,1765,-462,1873,1747,-362,1939,1710,-735,1896,1705,-708,2149,1562,-275,1817,1518,-100,2287,1322,-331,1810,1220,-447,2173,1174,-813,1866,1377,-1354,2139,1114,-948,1877,1428,-1544,2099,1149,-1016,1871,1471,-1552,2111,1169,-842,1873,1460,-1379,2152,1024,-37,1933,994,37,2276,632,-101,1893,608,-37,2258,273,444,1866,234,433,2222,227,462,1897,182,451,2334,136,-40,1804,108,-19,
1910,1764,-858,1930,1800,-801,1948,1801,-801,1965,1802,-800,1892,1790,-789,1884,1786,-789,1874,1782,-789,1996,1779,-457,1880,1760,-357,1952,1726,-711,1903,1716,-694,2153,1572,-183,1817,1538,-106,2305,1354,-315,1793,1241,-446,2198,1222,-879,1881,1368,-1331,2157,1172,-1033,1897,1414,-1515,2129,1207,-1088,1896,1455,-1528,2141,1224,-908,1897,1444,-1375,2168,1032,-13,1947,1001,13,2290,647,-191,1912,615,-41,2260,273,360,1872,235,416,2222,225,382,1897,182,437,2337,135,-111,1809,114,-36,
1943,1783,-944,1965,1814,-878,1979,1814,-878,1993,1815,-878,1918,1809,-880,1904,1806,-880,1892,1803,-880,2017,1792,-457,1881,1780,-456,1978,1742,-781,1922,1731,-783,2153,1582,-177,1819,1555,-191,2316,1373,-323,1768,1267,-514,2231,1268,-1022,1884,1366,-1319,2190,1221,-1190,1912,1406,-1497,2166,1250,-1240,1915,1445,-1505,2175,1268,-1052,1911,1436,-1347,2181,1035,13,1959,1003,-13,2296,651,-266,1920,617,-94,2264,272,327,1875,236,407,2222,223,353,1897,183,429,2337,134,-134,1813,116,-51,
1971,1797,-897,1992,1826,-821,2006,1827,-821,2020,1826,-821,1949,1822,-832,1934,1819,-832,1918,1816,-832,2043,1801,-341,1904,1793,-377,2002,1755,-733,1948,1748,-718,2163,1587,-110,1821,1570,-116,2327,1387,-315,1745,1293,-468,2254,1306,-1002,1882,1370,-1197,2220,1265,-1174,1923,1402,-1367,2195,1297,-1213,1929,1438,-1362,2198,1318,-1028,1921,1433,-1205,2189,1035,4,1970,1006,-4,2292,648,-227,1926,617,-41,2264,272,346,1874,236,480,2223,224,369,1897,181,503,2325,134,-90,1802,115,57,
2003,1806,-735,2022,1835,-656,2035,1836,-656,2050,1836,-655,1982,1831,-666,1967,1829,-666,1952,1826,-666,2072,1812,-220,1935,1801,-265,2032,1764,-573,1984,1759,-585,2188,1594,-20,1832,1576,-50,2323,1391,-261,1725,1319,-365,2271,1322,-972,1883,1368,-1050,2249,1283,-1146,1929,1380,-1210,2220,1321,-1189,1939,1417,-1205,2220,1337,-1001,1930,1418,-1056,2196,1032,3,1975,1006,-3,2287,644,-144,1930,609,-43,2264,264,425,1874,230,473,2224,214,450,1899,174,496,2326,131,8,1796,112,50,
2031,1812,-690,2048,1840,-610,2062,1839,-610,2075,1839,-610,2010,1838,-621,1996,1836,-621,1983,1834,-621,2097,1812,-184,1965,1808,-240,2060,1768,-533,2013,1767,-549,2205,1596,10,1847,1577,-47,2317,1386,-249,1725,1332,-362,2283,1341,-1021,1889,1359,-1029,2267,1304,-1200,1940,1352,-1180,2236,1334,-1236,1952,1393,-1173,2233,1348,-1050,1942,1398,-1032,2197,1030,11,1976,1006,-11,2281,642,-292,1929,609,-33,2265,257,232,1874,230,536,2225,202,256,1900,174,566,2327,128,-206,1798,113,124,
2045,1814,-834,2064,1842,-758,2078,1842,-758,2092,1841,-758,2025,1841,-766,2010,1840,-766,1999,1839,-766,2115,1814,-315,1983,1809,-377,2076,1770,-676,2026,1769,-691,2225,1593,-49,1866,1574,-149,2318,1383,-336,1726,1340,-433,2292,1327,-1122,1892,1342,-1105,2273,1307,-1296,1950,1325,-1267,2247,1342,-1328,1964,1367,-1264,2245,1350,-1148,1952,1375,-1116,2199,1023,18,1978,1003,-18,2280,638,-127,1925,609,-26,2265,253,515,1874,231,569,2225,195,550,1900,175,601,2331,127,109,1798,112,147,
2064,1810,-830,2084,1837,-753,2097,1837,-753,2111,1837,-753,2045,1837,-752,2030,1836,-752,2017,1835,-752,2133,1811,-316,2000,1806,-357,2094,1765,-671,2046,1765,-669,2237,1591,-69,1885,1571,-123,2316,1354,-286,1728,1339,-360,2299,1316,-1020,1897,1327,-987,2286,1307,-1184,1959,1306,-1129,2265,1347,-1226,1974,1347,-1132,2261,1352,-1049,1960,1358,-994,2196,1009,29,1976,997,-29,2276,624,8,1921,602,-28,2263,243,617,1873,230,556,2223,181,649,1900,174,589,2333,123,240,1798,111,151,
2079,1805,-959,2096,1834,-895,2111,1834,-895,2124,1834,-895,2058,1832,-895,2044,1830,-895,2031,1829,-895,2147,1809,-466,2011,1802,-488,2107,1763,-798,2059,1761,-803,2251,1581,-175,1901,1570,-206,2319,1311,-381,1728,1339,-423,2306,1310,-1189,1903,1309,-1019,2294,1308,-1363,1966,1289,-1204,2277,1350,-1403,1984,1327,-1200,2271,1354,-1219,1967,1338,-1042,2193,986,28,1973,986,-28,2266,609,33,1921,594,6,2259,240,707,1871,229,640,2220,178,745,1899,173,677,2332,123,310,1798,109,220,
2093,1790,-938,2108,1820,-874,2121,1820,-874,2135,1819,-874,2071,1820,-875,2059,1818,-875,2045,1816,-875,2155,1796,-446,2021,1784,-464,2121,1750,-777,2074,1749,-782,2256,1565,-165,1910,1563,-198,2325,1291,-405,1727,1340,-429,2315,1315,-1259,1907,1293,-1073,2304,1319,-1440,1968,1276,-1237,2288,1363,-1469,1986,1315,-1241,2283,1365,-1287,1970,1324,-1090,2192,973,28,1972,979,-28,2254,602,-36,1916,591,-7,2253,232,567,1870,227,579,2216,173,601,1898,172,610,2329,120,136,1798,102,161,
2102,1768,-964,2117,1800,-901,2129,1800,-901,2142,1800,-901,2079,1797,-904,2066,1795,-904,2052,1793,-904,2165,1778,-473,2032,1766,-497,2131,1729,-801,2084,1725,-808,2271,1551,-176,1921,1555,-251,2343,1280,-490,1728,1344,-508,2313,1326,-1349,1916,1288,-1076,2294,1337,-1527,1978,1270,-1255,2280,1377,-1533,1998,1305,-1257,2277,1376,-1367,1982,1315,-1102,2191,963,32,1970,970,-33,2248,594,-58,1912,575,-11,2245,229,508,1870,220,522,2209,171,537,1897,168,546,2330,120,102,1797,99,85,
2114,1745,-1082,2127,1779,-1020,2139,1780,-1020,2151,1780,-1020,2089,1776,-1027,2074,1775,-1027,2059,1773,-1027,2171,1761,-569,2038,1748,-606,2143,1706,-909,2097,1701,-920,2280,1546,-217,1924,1541,-351,2370,1278,-583,1729,1345,-649,2317,1355,-1500,1927,1285,-1293,2290,1366,-1693,1989,1268,-1450,2275,1403,-1693,2007,1303,-1444,2274,1401,-1520,1991,1313,-1298,2191,964,45,1966,970,-45,2247,588,-61,1905,569,-42,2246,225,508,1870,218,480,2209,168,536,1896,167,504,2336,114,91,1798,98,12,
2115,1732,-1082,2128,1767,-1016,2140,1767,-1016,2153,1768,-1016,2089,1764,-1022,2074,1762,-1022,2060,1760,-1022,2174,1748,-568,2040,1734,-595,2145,1693,-910,2096,1687,-919,2288,1536,-238,1930,1525,-369,2399,1279,-685,1730,1344,-748,2317,1387,-1576,1945,1285,-1383,2288,1400,-1765,2011,1267,-1535,2269,1424,-1735,2034,1299,-1508,2268,1422,-1584,2016,1309,-1378,2190,960,43,1963,969,-44,2248,583,-193,1899,572,-130,2248,223,274,1869,218,305,2212,167,292,1892,167,318,2338,107,-211,1801,98,-193,
2117,1720,-1014,2132,1755,-952,2144,1756,-952,2156,1757,-952,2091,1752,-951,2077,1750,-951,2063,1747,-951,2179,1734,-527,2043,1721,-532,2148,1681,-852,2098,1676,-854,2293,1533,-234,1940,1513,-324,2414,1284,-648,1756,1325,-716,2313,1405,-1520,1970,1280,-1327,2285,1417,-1707,2038,1260,-1478,2267,1438,-1672,2066,1289,-1451,2268,1435,-1524,2050,1300,-1322,2189,949,42,1963,964,-42,2252,578,-125,1895,573,-114,2248,220,343,1867,216,344,2212,165,361,1892,165,358,2341,104,-110,1801,96,-120,
2125,1711,-963,2139,1746,-881,2150,1747,-881,2161,1747,-881,2099,1743,-892,2084,1741,-892,2069,1738,-892,2183,1722,-422,2048,1712,-461,2152,1670,-789,2103,1665,-803,2295,1519,-152,1951,1501,-288,2421,1286,-637,1799,1300,-707,2312,1405,-1506,2017,1261,-1325,2276,1416,-1699,2081,1247,-1484,2246,1438,-1655,2106,1272,-1451,2251,1433,-1509,2094,1280,-1319,2190,934,40,1964,948,-40,2255,568,-123,1893,558,-95,2248,213,355,1866,212,350,2211,161,380,1891,164,366,2341,97,-80,1801,93,-82,
2131,1699,-846,2145,1734,-770,2155,1735,-770,2166,1736,-770,2103,1731,-782,2089,1729,-782,2074,1726,-782,2187,1713,-330,2052,1701,-379,2157,1659,-681,2108,1654,-696,2298,1505,-88,1959,1490,-241,2411,1275,-582,1844,1248,-682,2278,1391,-1411,2052,1232,-1165,2240,1403,-1594,2113,1218,-1315,2212,1428,-1596,2133,1242,-1291,2216,1423,-1426,2121,1250,-1160,2200,933,40,1977,944,-40,2257,566,-117,1904,559,-87,2248,204,310,1866,204,306,2211,152,322,1891,155,314,2341,99,-142,1797,90,-163,
2132,1690,-661,2148,1725,-582,2159,1726,-582,2171,1726,-582,2105,1722,-594,2091,1720,-594,2076,1717,-594,2192,1703,-132,2056,1692,-183,2160,1651,-493,2108,1647,-508,2296,1492,95,1965,1482,-60,2403,1268,-341,1904,1214,-391,2225,1383,-1065,2097,1194,-915,2178,1390,-1249,2149,1172,-1071,2160,1415,-1219,2164,1203,-1075,2171,1413,-1070,2151,1216,-924,2212,930,46,1992,941,-46,2266,557,57,1932,561,-77,2247,195,520,1866,201,346,2209,141,537,1889,152,361,2342,94,81,1797,87,-108,
2131,1684,-730,2148,1719,-659,2160,1720,-659,2172,1721,-659,2105,1714,-669,2090,1713,-669,2075,1710,-669,2193,1698,-227,2055,1684,-270,2162,1646,-567,2107,1640,-580,2297,1480,7,1965,1472,-124,2381,1253,-372,1924,1197,-420,2183,1359,-1055,2136,1174,-894,2111,1365,-1233,2189,1141,-1035,2097,1382,-1207,2207,1177,-1056,2118,1383,-1059,2192,1192,-907,2226,924,53,2005,933,-53,2286,553,85,1957,560,-25,2247,195,548,1869,202,428,2209,140,565,1889,155,447,2344,95,113,1801,87,-14,
2130,1678,-735,2148,1714,-682,2161,1716,-682,2173,1717,-682,2104,1708,-681,2089,1707,-680,2075,1705,-680,2195,1697,-288,2058,1681,-309,2163,1642,-574,2108,1636,-611,2311,1479,-91,1976,1476,-156,2342,1244,-430,1924,1207,-457,2120,1309,-1119,2142,1166,-952,2059,1305,-1297,2196,1113,-1101,2052,1323,-1280,2222,1142,-1112,2068,1326,-1126,2209,1159,-962,2231,928,54,2012,936,-54,2300,556,39,1975,564,-32,2247,192,538,1869,213,444,2208,138,559,1883,179,468,2350,95,99,1801,87,1,
2128,1666,-780,2146,1703,-718,2159,1705,-718,2171,1706,-718,2102,1699,-719,2087,1698,-719,2073,1696,-718,2193,1691,-305,2057,1675,-310,2160,1630,-619,2105,1624,-631,2314,1482,-92,1973,1474,-123,2320,1247,-367,1905,1201,-372,2128,1263,-1013,2125,1161,-927,2080,1230,-1187,2175,1104,-1083,2055,1256,-1196,2202,1137,-1092,2066,1266,-1027,2186,1157,-938,2236,930,53,2016,937,-53,2305,556,-52,1978,583,-114,2247,189,526,1868,239,439,2208,132,541,1876,209,465,2351,94,79,1802,89,-3,
2127,1654,-753,2144,1693,-695,2158,1696,-695,2169,1700,-695,2100,1685,-689,2086,1684,-689,2071,1682,-689,2191,1690,-298,2056,1669,-272,2158,1621,-599,2104,1613,-593,2320,1485,-88,1972,1477,-62,2312,1243,-261,1888,1214,-335,2139,1207,-787,2105,1172,-929,2093,1147,-934,2130,1136,-1076,2070,1183,-961,2197,1170,-1071,2078,1202,-805,2173,1186,-935,2242,937,42,2025,950,-42,2303,562,-234,1969,618,-212,2247,191,225,1867,256,256,2206,135,239,1872,221,276,2351,91,-246,1808,95,-195,
2108,1637,-761,2125,1679,-711,2141,1684,-711,2154,1690,-711,2081,1670,-694,2070,1669,-695,2057,1668,-695,2183,1687,-346,2054,1662,-263,2148,1609,-616,2093,1599,-593,2322,1488,-137,1971,1479,-66,2301,1228,-233,1867,1218,-386,2153,1131,-586,2077,1231,-952,2109,1074,-701,2120,1194,-1099,2082,1094,-742,2191,1234,-1122,2089,1111,-603,2155,1248,-965,2241,951,26,2025,971,-26,2301,564,-458,1965,642,-422,2244,192,-34,1866,268,-34,2203,136,-21,1871,231,-18,2342,91,-502,1824,106,-484,
2084,1628,-787,2102,1668,-762,2119,1672,-762,2135,1677,-762,2061,1662,-721,2049,1661,-721,2038,1661,-722,2166,1678,-422,2038,1657,-285,2127,1601,-655,2073,1593,-603,2319,1489,-170,1969,1480,-54,2306,1234,-208,1830,1230,-390,2156,1090,-595,2015,1307,-1166,2142,1007,-717,2068,1277,-1342,2093,1033,-788,2110,1310,-1318,2089,1057,-622,2093,1319,-1169,2240,981,10,2027,999,-10,2292,572,-483,1942,670,-547,2243,193,-102,1865,277,-167,2202,137,-94,1874,238,-152,2335,95,-592,1827,110,-620,
2064,1616,-822,2082,1657,-800,2099,1662,-800,2115,1668,-800,2041,1648,-763,2028,1648,-763,2017,1648,-763,2150,1673,-457,2017,1650,-307,2107,1592,-686,2058,1583,-629,2309,1491,-182,1965,1483,-58,2310,1235,-201,1803,1235,-411,2191,1050,-583,1968,1373,-1314,2197,958,-695,2032,1360,-1494,2155,980,-774,2057,1388,-1468,2149,1009,-613,2048,1395,-1318,2239,980,-5,2024,996,5,2279,572,-361,1909,668,-469,2243,193,-3,1865,279,-71,2202,136,-1,1879,238,-53,2330,95,-499,1828,115,-506,
2046,1611,-989,2063,1650,-963,2080,1656,-963,2096,1661,-963,2024,1643,-942,2012,1643,-942,2000,1643,-942,2133,1668,-601,2000,1646,-506,2083,1586,-837,2041,1579,-808,2284,1497,-272,1948,1482,-190,2313,1238,-225,1789,1237,-586,2240,1003,-560,1934,1395,-1468,2253,909,-650,1985,1403,-1644,2213,922,-742,2009,1434,-1629,2200,947,-594,2004,1432,-1477,2224,972,-11,2019,991,11,2265,563,-322,1888,665,-477,2243,196,38,1865,274,-64,2204,138,40,1888,232,-45,2322,97,-457,1824,115,-494,
2023,1611,-964,2039,1650,-932,2054,1655,-932,2068,1661,-932,2004,1642,-912,1993,1641,-912,1983,1641,-912,2106,1667,-579,1986,1643,-483,2060,1586,-817,2023,1576,-790,2262,1498,-264,1927,1466,-193,2313,1236,-198,1788,1233,-596,2278,971,-463,1895,1404,-1475,2293,878,-535,1939,1430,-1652,2258,881,-633,1957,1456,-1645,2241,908,-500,1951,1449,-1492,2207,962,-12,2007,979,12,2252,563,-335,1878,659,-500,2243,197,27,1865,271,-111,2205,138,31,1896,223,-94,2321,98,-461,1821,113,-544,
2006,1612,-1056,2025,1652,-1023,2039,1657,-1023,2053,1661,-1023,1990,1645,-998,1978,1644,-998,1967,1644,-998,2088,1664,-663,1966,1643,-549,2041,1585,-909,2003,1577,-876,2243,1490,-346,1901,1459,-238,2307,1216,-233,1794,1225,-669,2298,949,-511,1852,1422,-1609,2334,857,-576,1891,1459,-1792,2301,852,-679,1911,1485,-1794,2279,884,-549,1909,1473,-1632,2190,949,-29,1987,958,29,2237,559,-327,1860,650,-514,2242,197,216,1871,252,-46,2207,140,233,1916,204,-23,2314,97,-271,1811,98,-484,
1975,1611,-1033,1995,1651,-1007,2010,1656,-1007,2025,1661,-1007,1958,1644,-972,1949,1643,-972,1941,1643,-972,2065,1664,-686,1947,1641,-522,2011,1582,-900,1975,1574,-854,2226,1477,-411,1883,1458,-210,2301,1184,-308,1798,1211,-608,2310,917,-537,1831,1417,-1524,2354,835,-594,1853,1470,-1698,2323,828,-698,1869,1491,-1701,2302,856,-573,1871,1476,-1550,2177,935,-57,1971,941,57,2216,544,-179,1846,613,-448,2242,197,380,1888,220,-35,2209,140,402,1940,170,-4,2310,95,-78,1808,85,-409,
1954,1606,-1082,1976,1649,-1054,1990,1654,-1054,2006,1658,-1054,1939,1641,-1022,1930,1640,-1022,1922,1639,-1022,2045,1660,-731,1929,1637,-582,1989,1573,-950,1953,1566,-907,2210,1466,-472,1862,1439,-225,2289,1161,-416,1800,1170,-583,2312,901,-609,1807,1397,-1478,2356,821,-686,1814,1463,-1645,2323,814,-777,1822,1481,-1659,2302,841,-636,1827,1460,-1508,2159,926,-67,1951,927,66,2201,538,-196,1833,600,-544,2242,198,343,1896,209,-107,2212,140,364,1955,156,-88,2309,94,-110,1802,86,-537,
1927,1606,-1025,1947,1647,-992,1962,1652,-992,1976,1656,-992,1911,1640,-966,1901,1640,-966,1892,1639,-966,2018,1658,-688,1903,1634,-528,1964,1571,-890,1929,1564,-851,2190,1466,-443,1852,1432,-193,2273,1166,-387,1792,1165,-543,2308,905,-549,1786,1401,-1457,2347,826,-596,1787,1476,-1627,2311,818,-696,1795,1498,-1638,2293,845,-582,1802,1472,-1486,2134,918,-80,1918,920,80,2183,531,-124,1817,589,-547,2242,200,516,1899,205,-90,2218,149,548,1959,157,-69,2310,95,97,1802,87,-509,
1905,1612,-1091,1923,1653,-1064,1937,1657,-1064,1951,1661,-1064,1888,1646,-1024,1877,1645,-1024,1868,1643,-1024,1991,1662,-760,1879,1636,-570,1940,1578,-966,1902,1571,-913,2167,1468,-502,1831,1435,-240,2265,1176,-382,1747,1178,-657,2298,927,-464,1744,1428,-1629,2337,852,-495,1744,1497,-1811,2302,851,-580,1752,1518,-1810,2282,874,-489,1760,1492,-1656,2103,918,-86,1886,921,85,2150,535,72,1811,587,-536,2244,232,862,1901,208,58,2233,194,912,1958,157,90,2311,101,490,1805,87,-344,
1889,1640,-1145,1907,1680,-1110,1921,1684,-1110,1935,1688,-1110,1872,1673,-1074,1862,1672,-1074,1853,1671,-1074,1978,1687,-765,1863,1661,-590,1924,1610,-1005,1886,1605,-956,2149,1484,-496,1806,1448,-231,2270,1222,-372,1690,1220,-627,2275,954,-516,1713,1467,-1614,2266,858,-567,1713,1531,-1805,2233,890,-649,1727,1555,-1796,2226,912,-540,1733,1529,-1635,2093,929,-102,1878,923,101,2128,560,27,1815,587,-162,2244,274,994,1902,211,518,2235,254,1065,1956,157,564,2300,130,637,1811,88,121,
1881,1699,-1279,1902,1738,-1239,1918,1741,-1239,1934,1745,-1239,1865,1733,-1203,1855,1732,-1203,1845,1731,-1203,1975,1736,-870,1849,1717,-694,1912,1663,-1131,1874,1657,-1082,2144,1529,-591,1779,1491,-304,2281,1289,-504,1648,1287,-709,2250,1087,-699,1681,1532,-1701,2216,1023,-762,1685,1599,-1891,2190,1050,-818,1703,1622,-1868,2194,1072,-709,1708,1592,-1715,2096,978,-102,1874,960,101,2131,617,-6,1824,583,-111,2215,379,1202,1907,212,606,2217,366,1303,1956,160,654,2253,205,930,1817,88,188,
1880,1757,-1277,1904,1795,-1229,1922,1797,-1229,1940,1798,-1229,1867,1792,-1194,1856,1792,-1195,1846,1791,-1195,1981,1790,-847,1848,1778,-683,1911,1717,-1128,1872,1713,-1082,2143,1575,-598,1771,1558,-297,2289,1352,-600,1626,1362,-717,2239,1185,-893,1664,1606,-1637,2191,1135,-978,1663,1675,-1811,2169,1168,-1012,1682,1703,-1778,2178,1183,-897,1691,1669,-1645,2098,1040,-98,1867,1009,98,2127,706,-655,1832,584,-71,2163,502,795,1907,221,707,2155,492,889,1956,165,761,2208,326,578,1816,89,315,
1888,1818,-1339,1910,1855,-1284,1928,1857,-1284,1945,1858,-1284,1872,1849,-1258,1860,1846,-1258,1849,1843,-1258,1980,1844,-846,1840,1826,-725,1922,1778,-1168,1875,1772,-1136,2139,1632,-533,1765,1611,-330,2290,1412,-426,1617,1425,-816,2223,1260,-568,1647,1666,-1803,2180,1222,-617,1632,1735,-1989,2158,1255,-647,1656,1763,-1950,2166,1272,-564,1671,1734,-1812,2103,1093,-91,1876,1060,91,2114,768,-396,1844,611,-101,2131,609,1207,1907,248,633,2121,627,1355,1955,192,685,2170,425,1118,1822,95,226,
1888,1856,-1299,1909,1893,-1244,1927,1895,-1244,1944,1896,-1244,1869,1889,-1215,1857,1887,-1215,1845,1884,-1215,1979,1883,-813,1839,1862,-682,1924,1815,-1132,1874,1809,-1095,2134,1678,-506,1769,1647,-307,2287,1449,-371,1635,1466,-778,2209,1313,-533,1653,1706,-1768,2170,1279,-585,1641,1782,-1959,2143,1310,-628,1660,1810,-1927,2149,1327,-536,1676,1780,-1780,2101,1129,-88,1874,1103,88,2089,806,-367,1852,653,-120,2101,663,1355,1925,268,584,2094,693,1506,1977,219,634,2126,485,1287,1847,104,172,
1894,1884,-1127,1916,1918,-1066,1933,1919,-1066,1949,1920,-1066,1875,1912,-1035,1863,1909,-1035,1852,1907,-1035,1981,1906,-650,1845,1884,-505,1931,1845,-967,1880,1840,-927,2135,1698,-414,1773,1671,-136,2282,1455,-381,1647,1478,-565,2176,1342,-760,1655,1712,-1570,2144,1311,-856,1640,1784,-1756,2118,1341,-888,1660,1811,-1739,2122,1354,-765,1675,1779,-1590,2096,1153,-101,1868,1126,100,2069,852,-962,1862,678,-116,2091,667,510,1945,278,622,2090,684,654,1998,223,676,2109,479,415,1894,125,214,
1899,1893,-1134,1920,1927,-1075,1936,1929,-1075,1952,1931,-1075,1878,1919,-1041,1866,1917,-1041,1855,1915,-1041,1982,1913,-646,1847,1888,-526,1936,1855,-973,1884,1846,-932,2132,1699,-389,1774,1675,-143,2269,1445,-429,1654,1471,-563,2152,1380,-935,1658,1709,-1571,2119,1341,-1047,1641,1787,-1756,2091,1370,-1081,1656,1812,-1740,2095,1387,-943,1673,1786,-1591,2082,1175,-99,1857,1146,98,2054,854,-1111,1873,671,-131,2094,652,259,1960,273,614,2097,662,388,2010,217,668,2113,451,87,1934,123,182,
1903,1889,-951,1923,1922,-883,1939,1924,-883,1955,1925,-883,1881,1916,-863,1869,1914,-863,1858,1911,-863,1984,1903,-469,1848,1882,-373,1939,1852,-795,1886,1844,-769,2132,1679,-308,1762,1665,-34,2258,1422,-468,1655,1451,-476,2136,1352,-1050,1660,1686,-1469,2099,1309,-1182,1648,1758,-1655,2075,1348,-1212,1662,1788,-1643,2081,1364,-1059,1678,1757,-1489,2077,1152,-100,1851,1117,99,2035,831,-1091,1872,664,-138,2112,592,157,1976,272,576,2110,591,271,2024,214,623,2130,403,-61,1934,121,152,
1903,1876,-964,1924,1910,-887,1940,1910,-887,1956,1909,-887,1883,1903,-880,1871,1900,-880,1860,1896,-880,1986,1886,-440,1848,1869,-407,1939,1837,-796,1889,1830,-787,2125,1659,-235,1749,1650,-92,2242,1404,-397,1640,1435,-528,2123,1329,-962,1659,1654,-1503,2085,1282,-1093,1665,1728,-1687,2058,1320,-1122,1681,1759,-1672,2064,1338,-972,1694,1723,-1520,2072,1132,-79,1849,1099,79,2033,796,-1104,1872,661,-153,2122,583,47,1981,270,570,2112,589,148,2025,213,618,2146,375,-251,1941,120,126,
1905,1863,-934,1925,1897,-854,1941,1898,-854,1957,1897,-854,1884,1890,-850,1872,1886,-850,1861,1882,-850,1982,1875,-406,1846,1858,-387,1941,1827,-765,1889,1820,-761,2115,1657,-183,1736,1637,-118,2232,1378,-375,1620,1423,-628,2104,1304,-962,1665,1585,-1539,2066,1254,-1103,1709,1570,-1720,2035,1287,-1126,1747,1593,-1683,2039,1307,-972,1748,1592,-1540,2061,1119,-48,1843,1095,48,2035,793,-1129,1873,644,-154,2125,442,-221,1991,253,546,2113,422,-149,2035,201,598,2172,272,-621,1937,120,74,
1906,1856,-900,1926,1889,-819,1941,1890,-819,1958,1889,-819,1885,1883,-821,1872,1879,-821,1861,1875,-821,1983,1868,-368,1846,1852,-378,1942,1819,-731,1889,1813,-736,2114,1645,-141,1735,1632,-122,2222,1358,-264,1606,1416,-540,2097,1292,-870,1723,1473,-1348,2060,1239,-1077,1763,1409,-1519,2027,1270,-1115,1808,1425,-1500,2034,1291,-887,1806,1450,-1355,2057,1114,-39,1842,1081,38,2038,736,-912,1872,642,-147,2129,340,-15,1996,253,461,2120,304,33,2039,204,488,2185,184,-485,1942,119,-18,
1912,1864,-842,1928,1895,-753,1943,1895,-753,1958,1895,-753,1887,1889,-760,1873,1885,-760,1862,1881,-760,1983,1869,-281,1847,1853,-316,1947,1826,-668,1891,1819,-679,2112,1645,-73,1741,1631,-80,2213,1358,-232,1613,1421,-367,2095,1293,-879,1780,1352,-1069,2062,1239,-1061,1811,1266,-1243,2027,1266,-1108,1856,1283,-1256,2032,1288,-904,1854,1312,-1085,2049,1109,-39,1840,1078,39,2035,700,-821,1872,640,-118,2122,293,-175,2001,255,492,2116,243,-149,2044,207,515,2162,150,-733,1947,119,-9,
1919,1881,-639,1932,1908,-543,1945,1908,-544,1958,1907,-544,1892,1904,-549,1877,1900,-549,1864,1897,-549,1983,1881,-69,1848,1865,-100,1951,1840,-467,1895,1835,-477,2109,1642,77,1744,1645,138,2207,1360,-222,1620,1423,-35,2097,1333,-1042,1795,1263,-638,2061,1278,-1254,1810,1181,-794,2032,1312,-1286,1852,1191,-841,2035,1329,-1069,1854,1219,-666,2048,1105,-42,1835,1078,43,2027,699,-887,1874,640,-82,2083,270,-486,1998,260,469,2098,207,-476,2039,207,486,2085,141,-1079,1944,121,-27,
1923,1909,-585,1934,1935,-491,1947,1935,-492,1959,1935,-492,1892,1930,-498,1877,1927,-498,1864,1923,-498,1983,1907,-33,1849,1889,-67,1955,1862,-420,1899,1855,-430,2110,1648,120,1745,1662,134,2204,1370,-202,1622,1421,13,2104,1383,-1087,1789,1219,-504,2072,1333,-1298,1802,1133,-644,2042,1370,-1329,1841,1145,-703,2043,1386,-1114,1843,1178,-535,2046,1105,-32,1828,1081,33,2027,702,-1013,1874,644,-79,2026,265,-619,1993,269,521,2033,204,-605,2039,218,546,2051,144,-1190,1938,131,41,
1940,1929,-690,1946,1956,-596,1955,1955,-596,1965,1954,-596,1905,1953,-606,1888,1949,-606,1873,1943,-606,1983,1925,-113,1850,1907,-164,1966,1881,-516,1916,1874,-530,2106,1658,62,1743,1678,80,2205,1389,-253,1633,1419,41,2109,1423,-1332,1790,1203,-413,2079,1387,-1561,1806,1114,-536,2048,1422,-1579,1845,1130,-610,2048,1436,-1357,1846,1163,-446,2040,1107,-25,1822,1085,26,2018,720,-1157,1870,652,-68,1984,283,-809,1990,276,580,1978,220,-798,2035,219,612,2008,164,-1406,1944,154,85,
1955,1936,-696,1958,1964,-640,1967,1964,-639,1976,1963,-639,1921,1962,-670,1904,1959,-670,1886,1954,-670,1984,1934,-219,1852,1917,-313,1977,1889,-567,1934,1883,-604,2102,1666,-24,1741,1694,-44,2181,1385,-394,1649,1421,-81,2112,1436,-1439,1790,1203,-509,2082,1436,-1662,1805,1113,-626,2064,1482,-1682,1844,1128,-701,2064,1486,-1467,1845,1162,-542,2036,1109,-19,1820,1094,20,2007,720,-958,1864,664,-8,1964,288,-466,1982,307,791,1959,220,-448,2023,243,841,1992,174,-1015,1945,186,373,
1967,1943,-708,1969,1970,-674,1977,1969,-674,1986,1968,-673,1934,1969,-712,1916,1966,-711,1898,1963,-712,1985,1939,-252,1855,1924,-369,1987,1895,-603,1945,1891,-647,2095,1668,-48,1737,1703,-89,2150,1372,-392,1661,1423,-70,2114,1443,-1386,1787,1200,-454,2085,1455,-1599,1803,1111,-566,2077,1502,-1628,1840,1131,-641,2074,1502,-1418,1842,1161,-486,2026,1108,-14,1808,1097,15,1988,722,-883,1841,673,44,1948,288,-450,1967,334,1024,1940,210,-435,2012,276,1094,1966,178,-1007,1942,212,658,
1977,1933,-697,1978,1959,-609,1987,1958,-610,1995,1957,-610,1944,1958,-647,1928,1956,-647,1909,1953,-647,1988,1929,-119,1862,1918,-300,1994,1885,-524,1954,1883,-575,2084,1663,88,1736,1702,-66,2138,1350,-317,1666,1423,-62,2122,1466,-1329,1784,1203,-470,2113,1494,-1538,1798,1118,-587,2107,1532,-1560,1834,1144,-654,2100,1527,-1360,1837,1171,-500,2016,1103,-2,1799,1095,3,1977,721,-946,1828,661,-8,1935,281,-589,1965,338,1075,1924,210,-574,2011,288,1162,1950,161,-1138,1944,208,771,
